0.0
67.6852745154
77.7214440077
87.3262580969
100.583040759
124.077347698
155.207693638
191.053655282
233.132046854
278.486646603
324.270931293
370.642724306
422.226868051
469.943295634
514.685296214
563.949455783
608.441634871
653.102844369
692.369679378
732.969332377
759.400386321
783.524503398
815.889776637
841.615429088
870.515922612
894.850761218
900.640831711
912.089954865
942.805751703
978.361452152
957.733001448
947.414106059
944.28808659
924.375181019
900.289548173
872.133427416
840.038192097
804.166813125
764.716674153
720.948776636
676.060902392
627.452361669
572.342148023
516.20019766
446.414745755
401.382117703
350.055286456
296.553180939
244.331436597
195.601469757
140.322641373
96.4814217967
0.0
0.0
0.0
0.0
0.0
0.0
0.0
0.0
0.0
0.0
0.0
0.0
0.0
0.0
0.0
0.0
0.0
0.0
0.0
0.0
0.0
0.0
0.0
0.0
0.0
0.0
0.0
0.0
0.0
0.0
0.0
0.0
0.0
0.0
0.0
0.0
0.0
0.0
0.0
0.0
0.0
0.0
0.0
0.0
0.0
67.6749055487
77.7195829652
87.4709304581
100.34244433
121.447974344
154.886267344
189.314444876
217.556622725
344.418971168
330.399660404
363.578308154
436.490432788
486.406236143
540.174537528
532.171473642
620.124446771
633.780745677
708.964536944
669.835475433
685.864506257
221.136078826
208.197844644
223.884345682
290.784479842
750.536641178
598.468307952
396.530941042
711.647252009
316.630808643
256.021297194
345.771173461
588.672263512
853.304088756
548.397804391
345.773799864
220.944220421
180.95669572
205.441681658
202.671234196
121.307322347
141.673603889
145.235653054
184.647577172
195.986485408
244.619179946
161.231145761
158.803528142
157.552335217
135.031818341
95.0709569393
89.8396023318
0.0
0.0
0.0
0.0
0.0
0.0
0.0
0.0
0.0
0.0
0.0
0.0
0.0
0.0
0.0
0.0
0.0
0.0
0.0
0.0
0.0
0.0
0.0
0.0
0.0
0.0
0.0
0.0
0.0
0.0
0.0
0.0
0.0
0.0
0.0
0.0
0.0
0.0
0.0
0.0
0.0
0.0
0.0
0.0
0.0
10.3800045741
13.2672998844
9.77650524001
12.3742235767
25.9099791152
24.6974681381
19.956102901
39.1342324966
69.9086936152
59.6675260576
145.957729763
179.545947931
262.524502355
216.519499363
439.776432266
246.130230341
413.606022761
288.575936994
266.532946693
321.963933407
700.977529542
556.590380807
759.674482297
647.637802515
609.327854776
979.473070454
981.07373725
903.290941418
971.31968063
682.851208418
944.28808659
924.375181019
900.289548173
523.759630774
722.036478548
804.166813125
365.307210026
297.630709265
239.678816901
218.827057798
209.125146817
182.64200341
184.079008673
164.764323764
145.277034173
160.556098889
139.636061383
118.49710665
99.2790630862
60.7182645309
54.5732854778
0.0
0.0
0.0
0.0
0.0
0.0
0.0
0.0
0.0
0.0
0.0
0.0
0.0
0.0
0.0
0.0
0.0
0.0
0.0
0.0
0.0
0.0
0.0
0.0
0.0
0.0
0.0
0.0
0.0
0.0
0.0
0.0
0.0
0.0
0.0
0.0
0.0
0.0
0.0
0.0
0.0
0.0
0.0
0.0
0.0
42.415221899
48.9695894942
70.5811918943
72.048925628
100.000734346
127.008070644
141.090542231
143.209782005
158.720119118
167.411040917
206.170244315
319.892669172
375.559363569
483.875162826
532.34668373
533.121750856
601.742067321
568.153069977
712.704303187
786.072375045
248.816298102
253.28407956
242.063624553
233.124783638
408.307743822
229.391432836
251.952724946
294.623544872
289.496897445
212.755317427
220.257097782
208.412779392
213.852244222
229.695621882
380.347223005
384.99234863
414.64021699
294.671122037
283.858689333
220.684498942
193.464471214
180.753792755
182.226811923
197.764020056
174.009658813
85.2181837457
71.3856081188
112.172182148
103.164448339
89.3454688716
40.7080196886
0.0
0.0
0.0
0.0
0.0
0.0
0.0
0.0
0.0
0.0
0.0
0.0
0.0
0.0
0.0
0.0
0.0
0.0
0.0
0.0
0.0
0.0
0.0
0.0
0.0
0.0
0.0
0.0
0.0
0.0
0.0
0.0
0.0
0.0
0.0
0.0
0.0
0.0
0.0
0.0
0.0
0.0
0.0
0.0
0.0
50.7033717979
72.3363010618
85.6448090953
92.7177224934
118.216746241
120.747835991
151.220489323
138.159776818
174.552317725
175.841436843
198.441706258
187.60954671
318.639038575
219.490909772
271.990626767
402.306235485
488.962956812
210.801788917
246.497980232
224.658579639
209.849897531
163.036572644
175.666910318
219.92174455
225.998492282
233.131015941
206.75197409
204.487219362
227.763778915
384.952023172
959.952984932
944.28808659
924.375181019
696.828313583
870.049215985
840.038192097
202.24656198
424.496696146
355.331273527
195.240120717
232.614548251
345.240124303
194.296553522
176.702715654
174.3131022
180.52948448
128.998267426
83.7818637424
66.9038602552
52.0923328889
43.9095659378
0.0
0.0
0.0
0.0
0.0
0.0
0.0
0.0
0.0
0.0
0.0
0.0
0.0
0.0
0.0
0.0
0.0
0.0
0.0
0.0
0.0
0.0
0.0
0.0
0.0
0.0
0.0
0.0
0.0
0.0
0.0
0.0
0.0
0.0
0.0
0.0
0.0
0.0
0.0
0.0
0.0
0.0
0.0
0.0
0.0
33.3022941932
37.4624803657
40.1500138584
38.506485939
51.1849031856
49.8938002057
69.7856647377
99.3708296882
130.464144421
142.730992488
210.650466251
181.397412113
199.232603709
229.229496556
222.479428674
280.915869851
210.026481889
240.368229108
221.347444942
260.960055653
697.187893142
563.890859685
793.257369604
855.194858649
941.589326516
938.378873124
979.473070454
950.628098578
894.995713454
949.450290126
873.844003922
920.820619371
915.121511606
900.289548173
872.133427416
833.033718663
798.523022122
753.490975274
710.570140219
658.284178905
606.953500014
552.072074108
496.350365076
439.486357208
381.672852459
325.084720807
271.4850238
248.516095316
138.419138998
140.322641373
77.8371122637
0.0
0.0
0.0
0.0
0.0
0.0
0.0
0.0
0.0
0.0
0.0
0.0
0.0
0.0
0.0
0.0
0.0
0.0
0.0
0.0
0.0
0.0
0.0
0.0
0.0
0.0
0.0
0.0
0.0
0.0
0.0
0.0
0.0
0.0
0.0
0.0
0.0
0.0
0.0
0.0
0.0
0.0
0.0
0.0
0.0
67.7007743151
77.7758921436
88.0548458181
104.201884376
128.674039254
164.232790923
203.548199352
247.667080773
292.482742375
320.371826449
389.081037
448.425952862
495.720105783
545.161459572
600.288273803
649.520885761
700.468501425
738.323488741
779.334779658
800.172744229
839.84054122
857.244094718
402.022523603
202.450609876
219.930989062
951.565528152
979.473070454
981.07373725
978.361452152
971.31968063
959.952984932
944.28808659
777.036844759
900.289548173
872.133427416
840.038192097
804.166813125
764.716674153
721.922698714
668.734791943
612.952715751
557.6938159
496.951578646
444.463938134
389.064203768
329.672588104
274.055676729
219.775714956
169.774564327
118.32024377
79.5005936419
0.0
11.5276179253
11.5276179253
11.5276179253
11.5276179253
11.5276179253
11.5276179253
11.5276179253
11.5276179253
11.5276179253
11.5276179253
11.5276179253
11.5276179253
11.5276179253
11.5276179253
11.5276179253
11.5276179253
11.5276179253
11.5276179253
11.5276179253
11.5276179253
11.5276179253
11.5276179253
11.5276179253
11.5276179253
11.5276179253
11.5276179253
11.5276179253
11.5276179253
11.5276179253
11.5276179253
11.5276179253
11.5276179253
11.5276179253
11.5276179253
11.5276179253
11.5276179253
11.5276179253
11.5276179253
11.5276179253
11.5276179253
11.5276179253
11.5276179253
11.5276179253
11.5276179253
15.6656001368
17.2569028353
17.0470778861
36.0025453404
63.058785357
84.7935806503
129.847610523
78.5461797633
90.0646539672
162.863483739
159.729326069
147.947677188
156.436727882
209.171678527
277.647995517
444.843266479
423.430303786
646.430098183
505.055265313
696.52207073
764.138954097
765.672669761
783.301482502
768.989326021
863.565823547
787.286084689
760.944380671
591.945853339
652.431717701
536.064809815
609.976584801
298.58488673
340.468532986
206.048586462
206.248401381
237.100631453
455.863524152
233.693271963
154.991512722
209.2483126
368.9154309
206.646121914
135.660614128
69.7427984873
72.4107411947
63.3800453854
11.3703373273
0.0
11.0256270242
15.0469976531
27.1849442425
0.0
0.0
0.0
0.0
0.0
0.0
0.0
0.0
0.0
0.0
0.0
0.0
0.0
0.0
0.0
0.0
0.0
0.0
0.0
0.0
0.0
0.0
0.0
0.0
0.0
0.0
0.0
0.0
0.0
0.0
0.0
0.0
0.0
0.0
0.0
0.0
0.0
0.0
0.0
0.0
0.0
0.0
0.0
0.0
0.0
43.6194238826
61.4690764093
70.8555580612
60.0197509863
67.1821858251
86.9713776091
120.560919705
142.2004381
154.88376906
191.893895663
224.389135948
250.465674637
272.208937392
180.361297053
145.251147148
156.230970073
180.792267498
220.666932
314.786147224
353.256183918
258.197973235
380.604259067
495.199345059
586.753529019
833.364308675
711.285131732
545.579703437
336.525964199
814.942378117
910.954317142
479.686790792
429.808679238
329.42025646
572.419911833
238.818906279
241.143839062
209.245904874
172.452499716
182.039765904
188.756118514
170.972031259
185.32789902
206.805393545
171.578482506
136.949281644
82.8879792955
63.5581316581
59.7432563162
56.6747766804
57.1293535966
0.0
0.0
56.1504280139
56.1504280139
56.1504280139
56.1504280139
56.1504280139
56.1504280139
56.1504280139
56.1504280139
56.1504280139
56.1504280139
56.1504280139
56.1504280139
56.1504280139
56.1504280139
56.1504280139
56.1504280139
56.1504280139
56.1504280139
56.1504280139
56.1504280139
56.1504280139
56.1504280139
56.1504280139
56.1504280139
56.1504280139
56.1504280139
56.1504280139
56.1504280139
56.1504280139
56.1504280139
56.1504280139
56.1504280139
56.1504280139
56.1504280139
56.1504280139
56.1504280139
56.1504280139
56.1504280139
56.1504280139
56.1504280139
56.1504280139
56.1504280139
56.1504280139
56.1504280139
88.4073654729
98.931765483
139.079235126
181.436983728
215.109496972
235.689595198
287.578417362
337.356130453
390.580005026
436.675794015
488.969116504
532.674148462
582.404812381
628.132678301
670.829664377
706.055297591
754.475001409
792.869892479
830.136609461
870.788252089
910.934150109
935.348149357
952.224838257
965.206563444
974.207659208
979.160908756
980.017636813
976.748024313
969.341667762
957.808373345
942.17912775
922.507364648
898.870375674
867.735922919
835.47569927
805.336148515
767.152494251
711.353383643
511.258538792
626.470549037
565.267234476
534.843779148
482.568465534
427.780426351
347.69554461
289.237972504
253.644128441
188.896213352
144.801835451
97.0158367891
81.2070298969
0.0
80.220511575
80.220511575
80.220511575
80.220511575
80.220511575
80.220511575
80.220511575
80.220511575
80.220511575
80.220511575
80.220511575
80.220511575
80.220511575
80.220511575
80.220511575
80.220511575
80.220511575
80.220511575
80.220511575
80.220511575
80.220511575
80.220511575
80.220511575
80.220511575
80.220511575
80.220511575
80.220511575
80.220511575
80.220511575
80.220511575
80.220511575
80.220511575
80.220511575
80.220511575
80.220511575
80.220511575
80.220511575
80.220511575
80.220511575
80.220511575
80.220511575
80.220511575
80.220511575
80.220511575
89.1999131879
101.172177714
123.72936164
156.062913992
191.447932447
230.335074514
275.58218436
329.786521129
383.933343806
432.904709498
487.531473176
536.446663001
589.53162922
634.312258598
683.384375678
728.425253909
765.552118676
805.303098108
840.247838208
874.491941534
912.328004364
935.348149357
952.224838257
965.206563444
974.207659208
979.160908756
980.017636813
976.748024313
969.341667762
957.808373345
942.17912775
922.507364648
896.624290401
868.585713052
832.550821418
795.378072625
753.822533632
710.287809845
663.510446141
614.644192427
560.661937225
510.136606852
451.227554843
202.861926576
375.024506561
259.181886966
239.642178796
188.740242339
163.254696952
73.7328745443
63.5464542422
0.0
77.4608309249
77.4608309249
77.4608309249
77.4608309249
77.4608309249
77.4608309249
77.4608309249
77.4608309249
77.4608309249
77.4608309249
77.4608309249
77.4608309249
77.4608309249
77.4608309249
77.4608309249
77.4608309249
77.4608309249
77.4608309249
77.4608309249
77.4608309249
77.4608309249
77.4608309249
77.4608309249
77.4608309249
77.4608309249
77.4608309249
77.4608309249
77.4608309249
77.4608309249
77.4608309249
77.4608309249
77.4608309249
77.4608309249
77.4608309249
77.4608309249
77.4608309249
77.4608309249
77.4608309249
77.4608309249
77.4608309249
77.4608309249
77.4608309249
77.4608309249
77.4608309249
83.806138813
93.0643812163
106.441060743
126.623511534
159.727374851
192.311423717
227.225115295
266.908304003
309.959219941
350.223958447
418.239664094
459.130783896
491.998486022
533.082550049
583.207272587
634.885458791
672.02720779
702.801736489
781.977791159
814.27621799
374.527616974
377.171736432
480.279138679
863.229716766
974.207659208
979.160908756
969.875331259
976.748024313
969.341667762
957.808373345
942.17912775
922.507364648
898.870375674
871.371024759
840.139636439
805.336148515
427.056091243
269.029143048
614.086744325
477.887389028
518.193846548
527.782014309
482.568465534
415.100444239
366.218254497
309.617313108
261.726707279
207.389252524
158.659899752
118.981097963
81.2070298969
0.0
62.3551951922
62.3551951922
62.3551951922
62.3551951922
62.3551951922
62.3551951922
62.3551951922
62.3551951922
62.3551951922
62.3551951922
62.3551951922
62.3551951922
62.3551951922
62.3551951922
62.3551951922
62.3551951922
62.3551951922
62.3551951922
62.3551951922
62.3551951922
62.3551951922
62.3551951922
62.3551951922
62.3551951922
62.3551951922
62.3551951922
62.3551951922
62.3551951922
62.3551951922
62.3551951922
62.3551951922
62.3551951922
62.3551951922
62.3551951922
62.3551951922
62.3551951922
62.3551951922
62.3551951922
62.3551951922
62.3551951922
62.3551951922
62.3551951922
62.3551951922
62.3551951922
53.4579194468
58.5490769199
69.6814277763
109.009147139
125.256693294
205.994035101
228.009282723
282.696863484
222.05855544
192.068681423
353.788042998
374.53038928
349.141010089
233.092297285
620.829935318
649.909540682
680.701643658
695.876671359
722.26008945
761.395854852
781.520323142
788.448094947
801.135640723
862.096199492
885.456428071
931.669568967
865.266249828
510.908775656
814.786385561
636.821981316
798.756218022
415.206598918
627.604863615
443.072098365
370.35303556
587.175970094
424.482295371
229.778044578
208.724407359
195.900439042
177.069214095
168.996077546
175.193473816
243.00697832
252.527114216
307.629621767
240.375544752
186.293941661
163.254696952
92.1232023484
49.2684609014
0.0
0.0
0.0
0.0
0.0
0.0
0.0
0.0
0.0
0.0
0.0
0.0
0.0
0.0
0.0
0.0
0.0
0.0
0.0
0.0
0.0
0.0
0.0
0.0
0.0
0.0
0.0
0.0
0.0
0.0
0.0
0.0
0.0
0.0
0.0
0.0
0.0
0.0
0.0
0.0
0.0
0.0
0.0
0.0
0.0
0.0
73.855650967
153.249928434
201.603649009
145.766358808
141.381252941
172.520691309
160.228269936
153.215121294
163.184293763
562.322679243
618.528495397
664.676295289
705.709264967
747.341903034
788.05080629
827.040253338
849.347037421
880.730313032
897.215243478
898.60484966
895.018400926
886.425848545
872.822035309
854.227892884
830.691918398
802.292241023
769.13905817
728.770737477
683.700324556
633.569136399
578.40691467
520.815786443
460.116416246
396.835350689
333.101781601
269.29965188
205.669110404
145.671682798
87.7890288606
27.5660578593
22.893027436
35.8655430598
35.8655430598
35.8655430598
22.893027436
22.893027436
0.0
0.0
0.0
0.0
0.0
13.4095046398
13.4095046398
13.4095046398
13.4095046398
13.4095046398
13.4095046398
13.4095046398
13.4095046398
13.4095046398
13.4095046398
13.4095046398
13.4095046398
13.4095046398
13.4095046398
13.4095046398
13.4095046398
13.4095046398
13.4095046398
13.4095046398
13.4095046398
13.4095046398
13.4095046398
13.4095046398
13.4095046398
13.4095046398
13.4095046398
13.4095046398
13.4095046398
13.4095046398
13.4095046398
13.4095046398
13.4095046398
13.4095046398
13.4095046398
13.4095046398
13.4095046398
13.4095046398
13.4095046398
13.4095046398
13.4095046398
13.4095046398
13.4095046398
13.4095046398
13.4095046398
18.9770738202
27.0213027286
32.9423826006
46.6277127796
54.4506840013
64.752007028
73.8911430245
95.9023551615
132.05654886
155.105810508
177.399728791
188.262036609
185.297125368
193.540021424
257.705057552
222.230000553
224.17710508
274.891189119
344.844233065
274.974479186
255.66062148
243.191481957
254.701190068
220.127957564
224.211196476
353.565916469
365.09129953
404.180689037
336.186238737
345.018839127
554.143654652
641.702706753
592.505375984
380.417989356
425.645380623
115.858568012
62.9177099456
58.212376945
52.212376945
44.212376945
41.212376945
37.4733686569
31.4733686569
31.4733686569
27.3672207604
15.2307872242
0.0
0.0
0.0
0.0
0.0
0.0
0.0
0.0
0.0
0.0
0.0
0.0
0.0
0.0
0.0
0.0
0.0
0.0
0.0
0.0
0.0
0.0
0.0
0.0
0.0
0.0
0.0
0.0
0.0
0.0
0.0
0.0
0.0
0.0
0.0
0.0
0.0
0.0
0.0
0.0
0.0
0.0
0.0
0.0
0.0
0.0
0.0
0.0
0.0
0.0
67.6852745154
77.7214440077
87.3262580969
100.583040759
124.077347698
155.207693638
191.053655282
233.132046854
278.486646603
324.270931293
370.642724306
422.226868051
469.943295634
514.685296214
563.949455783
608.441634871
653.102844369
692.369679378
732.969332377
759.400386321
783.524503398
815.889776637
841.615429088
870.515922612
894.850761218
900.640831711
912.089954865
942.805751703
978.361452152
957.733001448
947.414106059
944.28808659
924.375181019
900.289548173
872.133427416
840.038192097
804.166813125
764.716674153
720.948776636
676.060902392
627.452361669
572.342148023
516.20019766
446.414745755
401.382117703
350.055286456
296.553180939
244.331436597
195.601469757
140.322641373
96.4814217967
0.0
0.0
0.0
0.0
0.0
0.0
0.0
0.0
0.0
0.0
0.0
0.0
0.0
0.0
0.0
0.0
0.0
0.0
0.0
0.0
0.0
0.0
0.0
0.0
0.0
0.0
0.0
0.0
0.0
0.0
0.0
0.0
0.0
0.0
0.0
0.0
0.0
0.0
0.0
0.0
0.0
0.0
0.0
0.0
0.0
67.6749055487
77.7195829652
87.4709304581
100.34244433
121.447974344
154.886267344
189.314444876
217.556622725
344.418971168
330.399660404
363.578308154
436.490432788
486.406236143
540.174537528
532.171473642
620.124446771
633.780745677
708.964536944
669.835475433
685.864506257
221.136078826
208.197844644
223.884345682
290.784479842
750.536641178
598.468307952
396.530941042
711.647252009
316.630808643
256.021297194
345.771173461
588.672263512
853.304088756
548.397804391
345.773799864
220.944220421
180.95669572
205.441681658
202.671234196
121.307322347
141.673603889
145.235653054
184.647577172
195.986485408
244.619179946
161.231145761
158.803528142
157.552335217
135.031818341
95.0709569393
89.8396023318
0.0
0.0
0.0
0.0
0.0
0.0
0.0
0.0
0.0
0.0
0.0
0.0
0.0
0.0
0.0
0.0
0.0
0.0
0.0
0.0
0.0
0.0
0.0
0.0
0.0
0.0
0.0
0.0
0.0
0.0
0.0
0.0
0.0
0.0
0.0
0.0
0.0
0.0
0.0
0.0
0.0
0.0
0.0
0.0
0.0
10.3800045741
13.2672998844
9.77650524001
12.3742235767
25.9099791152
24.6974681381
19.956102901
39.1342324966
69.9086936152
59.6675260576
145.957729763
179.545947931
262.524502355
216.519499363
439.776432266
246.130230341
413.606022761
288.575936994
266.532946693
321.963933407
700.977529542
556.590380807
759.674482297
647.637802515
609.327854776
979.473070454
981.07373725
903.290941418
971.31968063
682.851208418
944.28808659
924.375181019
900.289548173
523.759630774
722.036478548
804.166813125
365.307210026
297.630709265
239.678816901
218.827057798
209.125146817
182.64200341
184.079008673
164.764323764
145.277034173
160.556098889
139.636061383
118.49710665
99.2790630862
60.7182645309
54.5732854778
0.0
0.0
0.0
0.0
0.0
0.0
0.0
0.0
0.0
0.0
0.0
0.0
0.0
0.0
0.0
0.0
0.0
0.0
0.0
0.0
0.0
0.0
0.0
0.0
0.0
0.0
0.0
0.0
0.0
0.0
0.0
0.0
0.0
0.0
0.0
0.0
0.0
0.0
0.0
0.0
0.0
0.0
0.0
0.0
0.0
42.415221899
48.9695894942
70.5811918943
72.048925628
100.000734346
127.008070644
141.090542231
143.209782005
158.720119118
167.411040917
206.170244315
319.892669172
375.559363569
483.875162826
532.34668373
533.121750856
601.742067321
568.153069977
712.704303187
786.072375045
248.816298102
253.28407956
242.063624553
233.124783638
408.307743822
229.391432836
251.952724946
294.623544872
289.496897445
212.755317427
220.257097782
208.412779392
213.852244222
229.695621882
380.347223005
384.99234863
414.64021699
294.671122037
283.858689333
220.684498942
193.464471214
180.753792755
182.226811923
197.764020056
174.009658813
85.2181837457
71.3856081188
112.172182148
103.164448339
89.3454688716
40.7080196886
0.0
0.0
0.0
0.0
0.0
0.0
0.0
0.0
0.0
0.0
0.0
0.0
0.0
0.0
0.0
0.0
0.0
0.0
0.0
0.0
0.0
0.0
0.0
0.0
0.0
0.0
0.0
0.0
0.0
0.0
0.0
0.0
0.0
0.0
0.0
0.0
0.0
0.0
0.0
0.0
0.0
0.0
0.0
0.0
0.0
50.7033717979
72.3363010618
85.6448090953
92.7177224934
118.216746241
120.747835991
151.220489323
138.159776818
174.552317725
175.841436843
198.441706258
187.60954671
318.639038575
219.490909772
271.990626767
402.306235485
488.962956812
210.801788917
246.497980232
224.658579639
209.849897531
163.036572644
175.666910318
219.92174455
225.998492282
233.131015941
206.75197409
204.487219362
227.763778915
384.952023172
959.952984932
944.28808659
924.375181019
696.828313583
870.049215985
840.038192097
202.24656198
424.496696146
355.331273527
195.240120717
232.614548251
345.240124303
194.296553522
176.702715654
174.3131022
180.52948448
128.998267426
83.7818637424
66.9038602552
52.0923328889
43.9095659378
0.0
0.0
0.0
0.0
0.0
0.0
0.0
0.0
0.0
0.0
0.0
0.0
0.0
0.0
0.0
0.0
0.0
0.0
0.0
0.0
0.0
0.0
0.0
0.0
0.0
0.0
0.0
0.0
0.0
0.0
0.0
0.0
0.0
0.0
0.0
0.0
0.0
0.0
0.0
0.0
0.0
0.0
0.0
0.0
0.0
33.3022941932
37.4624803657
40.1500138584
38.506485939
51.1849031856
49.8938002057
69.7856647377
99.3708296882
130.464144421
142.730992488
210.650466251
181.397412113
199.232603709
229.229496556
222.479428674
280.915869851
210.026481889
240.368229108
221.347444942
260.960055653
697.187893142
563.890859685
793.257369604
855.194858649
941.589326516
938.378873124
979.473070454
950.628098578
894.995713454
949.450290126
873.844003922
920.820619371
915.121511606
900.289548173
872.133427416
833.033718663
798.523022122
753.490975274
710.570140219
658.284178905
606.953500014
552.072074108
496.350365076
439.486357208
381.672852459
325.084720807
271.4850238
248.516095316
138.419138998
140.322641373
77.8371122637
0.0
0.0
0.0
0.0
0.0
0.0
0.0
0.0
0.0
0.0
0.0
0.0
0.0
0.0
0.0
0.0
0.0
0.0
0.0
0.0
0.0
0.0
0.0
0.0
0.0
0.0
0.0
0.0
0.0
0.0
0.0
0.0
0.0
0.0
0.0
0.0
0.0
0.0
0.0
0.0
0.0
0.0
0.0
0.0
0.0
67.7007743151
77.7758921436
88.0548458181
104.201884376
128.674039254
164.232790923
203.548199352
247.667080773
292.482742375
320.371826449
389.081037
448.425952862
495.720105783
545.161459572
600.288273803
649.520885761
700.468501425
738.323488741
779.334779658
800.172744229
839.84054122
857.244094718
402.022523603
202.450609876
219.930989062
951.565528152
979.473070454
981.07373725
978.361452152
971.31968063
959.952984932
944.28808659
777.036844759
900.289548173
872.133427416
840.038192097
804.166813125
764.716674153
721.922698714
668.734791943
612.952715751
557.6938159
496.951578646
444.463938134
389.064203768
329.672588104
274.055676729
219.775714956
169.774564327
118.32024377
79.5005936419
0.0
11.5276179253
11.5276179253
11.5276179253
11.5276179253
11.5276179253
11.5276179253
11.5276179253
11.5276179253
11.5276179253
11.5276179253
11.5276179253
11.5276179253
11.5276179253
11.5276179253
11.5276179253
11.5276179253
11.5276179253
11.5276179253
11.5276179253
11.5276179253
11.5276179253
11.5276179253
11.5276179253
11.5276179253
11.5276179253
11.5276179253
11.5276179253
11.5276179253
11.5276179253
11.5276179253
11.5276179253
11.5276179253
11.5276179253
11.5276179253
11.5276179253
11.5276179253
11.5276179253
11.5276179253
11.5276179253
11.5276179253
11.5276179253
11.5276179253
11.5276179253
11.5276179253
15.6656001368
17.2569028353
17.0470778861
36.0025453404
63.058785357
84.7935806503
129.847610523
78.5461797633
90.0646539672
162.863483739
159.729326069
147.947677188
156.436727882
209.171678527
277.647995517
444.843266479
423.430303786
646.430098183
505.055265313
696.52207073
764.138954097
765.672669761
783.301482502
768.989326021
863.565823547
787.286084689
760.944380671
591.945853339
652.431717701
536.064809815
609.976584801
298.58488673
340.468532986
206.048586462
206.248401381
237.100631453
455.863524152
233.693271963
154.991512722
209.2483126
368.9154309
206.646121914
135.660614128
69.7427984873
72.4107411947
63.3800453854
11.3703373273
0.0
11.0256270242
15.0469976531
27.1849442425
0.0
0.0
0.0
0.0
0.0
0.0
0.0
0.0
0.0
0.0
0.0
0.0
0.0
0.0
0.0
0.0
0.0
0.0
0.0
0.0
0.0
0.0
0.0
0.0
0.0
0.0
0.0
0.0
0.0
0.0
0.0
0.0
0.0
0.0
0.0
0.0
0.0
0.0
0.0
0.0
0.0
0.0
0.0
0.0
0.0
43.6194238826
61.4690764093
70.8555580612
60.0197509863
67.1821858251
86.9713776091
120.560919705
142.2004381
154.88376906
191.893895663
224.389135948
250.465674637
272.208937392
180.361297053
145.251147148
156.230970073
180.792267498
220.666932
314.786147224
353.256183918
258.197973235
380.604259067
495.199345059
586.753529019
833.364308675
711.285131732
545.579703437
336.525964199
814.942378117
910.954317142
479.686790792
429.808679238
329.42025646
572.419911833
238.818906279
241.143839062
209.245904874
172.452499716
182.039765904
188.756118514
170.972031259
185.32789902
206.805393545
171.578482506
136.949281644
82.8879792955
63.5581316581
59.7432563162
56.6747766804
57.1293535966
0.0
0.0
56.1504280139
56.1504280139
56.1504280139
56.1504280139
56.1504280139
56.1504280139
56.1504280139
56.1504280139
56.1504280139
56.1504280139
56.1504280139
56.1504280139
56.1504280139
56.1504280139
56.1504280139
56.1504280139
56.1504280139
56.1504280139
56.1504280139
56.1504280139
56.1504280139
56.1504280139
56.1504280139
56.1504280139
56.1504280139
56.1504280139
56.1504280139
56.1504280139
56.1504280139
56.1504280139
56.1504280139
56.1504280139
56.1504280139
56.1504280139
56.1504280139
56.1504280139
56.1504280139
56.1504280139
56.1504280139
56.1504280139
56.1504280139
56.1504280139
56.1504280139
56.1504280139
88.4073654729
98.931765483
139.079235126
181.436983728
215.109496972
235.689595198
287.578417362
337.356130453
390.580005026
436.675794015
488.969116504
532.674148462
582.404812381
628.132678301
670.829664377
706.055297591
754.475001409
792.869892479
830.136609461
870.788252089
910.934150109
935.348149357
952.224838257
965.206563444
974.207659208
979.160908756
980.017636813
976.748024313
969.341667762
957.808373345
942.17912775
922.507364648
898.870375674
867.735922919
835.47569927
805.336148515
767.152494251
711.353383643
511.258538792
626.470549037
565.267234476
534.843779148
482.568465534
427.780426351
347.69554461
289.237972504
253.644128441
188.896213352
144.801835451
97.0158367891
81.2070298969
0.0
80.220511575
80.220511575
80.220511575
80.220511575
80.220511575
80.220511575
80.220511575
80.220511575
80.220511575
80.220511575
80.220511575
80.220511575
80.220511575
80.220511575
80.220511575
80.220511575
80.220511575
80.220511575
80.220511575
80.220511575
80.220511575
80.220511575
80.220511575
80.220511575
80.220511575
80.220511575
80.220511575
80.220511575
80.220511575
80.220511575
80.220511575
80.220511575
80.220511575
80.220511575
80.220511575
80.220511575
80.220511575
80.220511575
80.220511575
80.220511575
80.220511575
80.220511575
80.220511575
80.220511575
89.1999131879
101.172177714
123.72936164
156.062913992
191.447932447
230.335074514
275.58218436
329.786521129
383.933343806
432.904709498
487.531473176
536.446663001
589.53162922
634.312258598
683.384375678
728.425253909
765.552118676
805.303098108
840.247838208
874.491941534
912.328004364
935.348149357
952.224838257
965.206563444
974.207659208
979.160908756
980.017636813
976.748024313
969.341667762
957.808373345
942.17912775
922.507364648
896.624290401
868.585713052
832.550821418
795.378072625
753.822533632
710.287809845
663.510446141
614.644192427
560.661937225
510.136606852
451.227554843
202.861926576
375.024506561
259.181886966
239.642178796
188.740242339
163.254696952
73.7328745443
63.5464542422
0.0
77.4608309249
77.4608309249
77.4608309249
77.4608309249
77.4608309249
77.4608309249
77.4608309249
77.4608309249
77.4608309249
77.4608309249
77.4608309249
77.4608309249
77.4608309249
77.4608309249
77.4608309249
77.4608309249
77.4608309249
77.4608309249
77.4608309249
77.4608309249
77.4608309249
77.4608309249
77.4608309249
77.4608309249
77.4608309249
77.4608309249
77.4608309249
77.4608309249
77.4608309249
77.4608309249
77.4608309249
77.4608309249
77.4608309249
77.4608309249
77.4608309249
77.4608309249
77.4608309249
77.4608309249
77.4608309249
77.4608309249
77.4608309249
77.4608309249
77.4608309249
77.4608309249
83.806138813
93.0643812163
106.441060743
126.623511534
159.727374851
192.311423717
227.225115295
266.908304003
309.959219941
350.223958447
418.239664094
459.130783896
491.998486022
533.082550049
583.207272587
634.885458791
672.02720779
702.801736489
781.977791159
814.27621799
374.527616974
377.171736432
480.279138679
863.229716766
974.207659208
979.160908756
969.875331259
976.748024313
969.341667762
957.808373345
942.17912775
922.507364648
898.870375674
871.371024759
840.139636439
805.336148515
427.056091243
269.029143048
614.086744325
477.887389028
518.193846548
527.782014309
482.568465534
415.100444239
366.218254497
309.617313108
261.726707279
207.389252524
158.659899752
118.981097963
81.2070298969
0.0
62.3551951922
62.3551951922
62.3551951922
62.3551951922
62.3551951922
62.3551951922
62.3551951922
62.3551951922
62.3551951922
62.3551951922
62.3551951922
62.3551951922
62.3551951922
62.3551951922
62.3551951922
62.3551951922
62.3551951922
62.3551951922
62.3551951922
62.3551951922
62.3551951922
62.3551951922
62.3551951922
62.3551951922
62.3551951922
62.3551951922
62.3551951922
62.3551951922
62.3551951922
62.3551951922
62.3551951922
62.3551951922
62.3551951922
62.3551951922
62.3551951922
62.3551951922
62.3551951922
62.3551951922
62.3551951922
62.3551951922
62.3551951922
62.3551951922
62.3551951922
62.3551951922
53.4579194468
58.5490769199
69.6814277763
109.009147139
125.256693294
205.994035101
228.009282723
282.696863484
222.05855544
192.068681423
353.788042998
374.53038928
349.141010089
233.092297285
620.829935318
649.909540682
680.701643658
695.876671359
722.26008945
761.395854852
781.520323142
788.448094947
801.135640723
862.096199492
885.456428071
931.669568967
865.266249828
510.908775656
814.786385561
636.821981316
798.756218022
415.206598918
627.604863615
443.072098365
370.35303556
587.175970094
424.482295371
229.778044578
208.724407359
195.900439042
177.069214095
168.996077546
175.193473816
243.00697832
252.527114216
307.629621767
240.375544752
186.293941661
163.254696952
92.1232023484
49.2684609014
0.0
0.0
0.0
0.0
0.0
0.0
0.0
0.0
0.0
0.0
0.0
0.0
0.0
0.0
0.0
0.0
0.0
0.0
0.0
0.0
0.0
0.0
0.0
0.0
0.0
0.0
0.0
0.0
0.0
0.0
0.0
0.0
0.0
0.0
0.0
0.0
0.0
0.0
0.0
0.0
0.0
0.0
0.0
0.0
0.0
0.0
73.855650967
153.249928434
201.603649009
145.766358808
141.381252941
172.520691309
160.228269936
153.215121294
163.184293763
562.322679243
618.528495397
664.676295289
705.709264967
747.341903034
788.05080629
827.040253338
849.347037421
880.730313032
897.215243478
898.60484966
895.018400926
886.425848545
872.822035309
854.227892884
830.691918398
802.292241023
769.13905817
728.770737477
683.700324556
633.569136399
578.40691467
520.815786443
460.116416246
396.835350689
333.101781601
269.29965188
205.669110404
145.671682798
87.7890288606
27.5660578593
22.893027436
35.8655430598
35.8655430598
35.8655430598
22.893027436
22.893027436
0.0
0.0
0.0
0.0
0.0
13.4095046398
13.4095046398
13.4095046398
13.4095046398
13.4095046398
13.4095046398
13.4095046398
13.4095046398
13.4095046398
13.4095046398
13.4095046398
13.4095046398
13.4095046398
13.4095046398
13.4095046398
13.4095046398
13.4095046398
13.4095046398
13.4095046398
13.4095046398
13.4095046398
13.4095046398
13.4095046398
13.4095046398
13.4095046398
13.4095046398
13.4095046398
13.4095046398
13.4095046398
13.4095046398
13.4095046398
13.4095046398
13.4095046398
13.4095046398
13.4095046398
13.4095046398
13.4095046398
13.4095046398
13.4095046398
13.4095046398
13.4095046398
13.4095046398
13.4095046398
13.4095046398
18.9770738202
27.0213027286
32.9423826006
46.6277127796
54.4506840013
64.752007028
73.8911430245
95.9023551615
132.05654886
155.105810508
177.399728791
188.262036609
185.297125368
193.540021424
257.705057552
222.230000553
224.17710508
274.891189119
344.844233065
274.974479186
255.66062148
243.191481957
254.701190068
220.127957564
224.211196476
353.565916469
365.09129953
404.180689037
336.186238737
345.018839127
554.143654652
641.702706753
592.505375984
380.417989356
425.645380623
115.858568012
62.9177099456
58.212376945
52.212376945
44.212376945
41.212376945
37.4733686569
31.4733686569
31.4733686569
27.3672207604
15.2307872242
0.0
0.0
0.0
0.0
0.0
0.0
0.0
0.0
0.0
0.0
0.0
0.0
0.0
0.0
0.0
0.0
0.0
0.0
0.0
0.0
0.0
0.0
0.0
0.0
0.0
0.0
0.0
0.0
0.0
0.0
0.0
0.0
0.0
0.0
0.0
0.0
0.0
0.0
0.0
0.0
0.0
0.0
0.0
0.0
0.0
0.0
0.0
0.0
0.0
0.0
67.6852745154
77.7214440077
87.3262580969
100.583040759
124.077347698
155.207693638
191.053655282
233.132046854
278.486646603
324.270931293
370.642724306
422.226868051
469.943295634
514.685296214
563.949455783
608.441634871
653.102844369
692.369679378
732.969332377
759.400386321
783.524503398
815.889776637
841.615429088
870.515922612
894.850761218
900.640831711
912.089954865
942.805751703
978.361452152
957.733001448
947.414106059
944.28808659
924.375181019
900.289548173
872.133427416
840.038192097
804.166813125
764.716674153
720.948776636
676.060902392
627.452361669
572.342148023
516.20019766
446.414745755
401.382117703
350.055286456
296.553180939
244.331436597
195.601469757
140.322641373
96.4814217967
0.0
0.0
0.0
0.0
0.0
0.0
0.0
0.0
0.0
0.0
0.0
0.0
0.0
0.0
0.0
0.0
0.0
0.0
0.0
0.0
0.0
0.0
0.0
0.0
0.0
0.0
0.0
0.0
0.0
0.0
0.0
0.0
0.0
0.0
0.0
0.0
0.0
0.0
0.0
0.0
0.0
0.0
0.0
0.0
0.0
67.6749055487
77.7195829652
87.4709304581
100.34244433
121.447974344
154.886267344
189.314444876
217.556622725
344.418971168
330.399660404
363.578308154
436.490432788
486.406236143
540.174537528
532.171473642
620.124446771
633.780745677
708.964536944
669.835475433
685.864506257
221.136078826
208.197844644
223.884345682
290.784479842
750.536641178
598.468307952
396.530941042
711.647252009
316.630808643
256.021297194
345.771173461
588.672263512
853.304088756
548.397804391
345.773799864
220.944220421
180.95669572
205.441681658
202.671234196
121.307322347
141.673603889
145.235653054
184.647577172
195.986485408
244.619179946
161.231145761
158.803528142
157.552335217
135.031818341
95.0709569393
89.8396023318
0.0
0.0
0.0
0.0
0.0
0.0
0.0
0.0
0.0
0.0
0.0
0.0
0.0
0.0
0.0
0.0
0.0
0.0
0.0
0.0
0.0
0.0
0.0
0.0
0.0
0.0
0.0
0.0
0.0
0.0
0.0
0.0
0.0
0.0
0.0
0.0
0.0
0.0
0.0
0.0
0.0
0.0
0.0
0.0
0.0
10.3800045741
13.2672998844
9.77650524001
12.3742235767
25.9099791152
24.6974681381
19.956102901
39.1342324966
69.9086936152
59.6675260576
145.957729763
179.545947931
262.524502355
216.519499363
439.776432266
246.130230341
413.606022761
288.575936994
266.532946693
321.963933407
700.977529542
556.590380807
759.674482297
647.637802515
609.327854776
979.473070454
981.07373725
903.290941418
971.31968063
682.851208418
944.28808659
924.375181019
900.289548173
523.759630774
722.036478548
804.166813125
365.307210026
297.630709265
239.678816901
218.827057798
209.125146817
182.64200341
184.079008673
164.764323764
145.277034173
160.556098889
139.636061383
118.49710665
99.2790630862
60.7182645309
54.5732854778
0.0
0.0
0.0
0.0
0.0
0.0
0.0
0.0
0.0
0.0
0.0
0.0
0.0
0.0
0.0
0.0
0.0
0.0
0.0
0.0
0.0
0.0
0.0
0.0
0.0
0.0
0.0
0.0
0.0
0.0
0.0
0.0
0.0
0.0
0.0
0.0
0.0
0.0
0.0
0.0
0.0
0.0
0.0
0.0
0.0
42.415221899
48.9695894942
70.5811918943
72.048925628
100.000734346
127.008070644
141.090542231
143.209782005
158.720119118
167.411040917
206.170244315
319.892669172
375.559363569
483.875162826
532.34668373
533.121750856
601.742067321
568.153069977
712.704303187
786.072375045
248.816298102
253.28407956
242.063624553
233.124783638
408.307743822
229.391432836
251.952724946
294.623544872
289.496897445
212.755317427
220.257097782
208.412779392
213.852244222
229.695621882
380.347223005
384.99234863
414.64021699
294.671122037
283.858689333
220.684498942
193.464471214
180.753792755
182.226811923
197.764020056
174.009658813
85.2181837457
71.3856081188
112.172182148
103.164448339
89.3454688716
40.7080196886
0.0
0.0
0.0
0.0
0.0
0.0
0.0
0.0
0.0
0.0
0.0
0.0
0.0
0.0
0.0
0.0
0.0
0.0
0.0
0.0
0.0
0.0
0.0
0.0
0.0
0.0
0.0
0.0
0.0
0.0
0.0
0.0
0.0
0.0
0.0
0.0
0.0
0.0
0.0
0.0
0.0
0.0
0.0
0.0
0.0
50.7033717979
72.3363010618
85.6448090953
92.7177224934
118.216746241
120.747835991
151.220489323
138.159776818
174.552317725
175.841436843
198.441706258
187.60954671
318.639038575
219.490909772
271.990626767
402.306235485
488.962956812
210.801788917
246.497980232
224.658579639
209.849897531
163.036572644
175.666910318
219.92174455
225.998492282
233.131015941
206.75197409
204.487219362
227.763778915
384.952023172
959.952984932
944.28808659
924.375181019
696.828313583
870.049215985
840.038192097
202.24656198
424.496696146
355.331273527
195.240120717
232.614548251
345.240124303
194.296553522
176.702715654
174.3131022
180.52948448
128.998267426
83.7818637424
66.9038602552
52.0923328889
43.9095659378
0.0
0.0
0.0
0.0
0.0
0.0
0.0
0.0
0.0
0.0
0.0
0.0
0.0
0.0
0.0
0.0
0.0
0.0
0.0
0.0
0.0
0.0
0.0
0.0
0.0
0.0
0.0
0.0
0.0
0.0
0.0
0.0
0.0
0.0
0.0
0.0
0.0
0.0
0.0
0.0
0.0
0.0
0.0
0.0
0.0
33.3022941932
37.4624803657
40.1500138584
38.506485939
51.1849031856
49.8938002057
69.7856647377
99.3708296882
130.464144421
142.730992488
210.650466251
181.397412113
199.232603709
229.229496556
222.479428674
280.915869851
210.026481889
240.368229108
221.347444942
260.960055653
697.187893142
563.890859685
793.257369604
855.194858649
941.589326516
938.378873124
979.473070454
950.628098578
894.995713454
949.450290126
873.844003922
920.820619371
915.121511606
900.289548173
872.133427416
833.033718663
798.523022122
753.490975274
710.570140219
658.284178905
606.953500014
552.072074108
496.350365076
439.486357208
381.672852459
325.084720807
271.4850238
248.516095316
138.419138998
140.322641373
77.8371122637
0.0
0.0
0.0
0.0
0.0
0.0
0.0
0.0
0.0
0.0
0.0
0.0
0.0
0.0
0.0
0.0
0.0
0.0
0.0
0.0
0.0
0.0
0.0
0.0
0.0
0.0
0.0
0.0
0.0
0.0
0.0
0.0
0.0
0.0
0.0
0.0
0.0
0.0
0.0
0.0
0.0
0.0
0.0
0.0
0.0
67.7007743151
77.7758921436
88.0548458181
104.201884376
128.674039254
164.232790923
203.548199352
247.667080773
292.482742375
320.371826449
389.081037
448.425952862
495.720105783
545.161459572
600.288273803
649.520885761
700.468501425
738.323488741
779.334779658
800.172744229
839.84054122
857.244094718
402.022523603
202.450609876
219.930989062
951.565528152
979.473070454
981.07373725
978.361452152
971.31968063
959.952984932
944.28808659
777.036844759
900.289548173
872.133427416
840.038192097
804.166813125
764.716674153
721.922698714
668.734791943
612.952715751
557.6938159
496.951578646
444.463938134
389.064203768
329.672588104
274.055676729
219.775714956
169.774564327
118.32024377
79.5005936419
0.0
11.5276179253
11.5276179253
11.5276179253
11.5276179253
11.5276179253
11.5276179253
11.5276179253
11.5276179253
11.5276179253
11.5276179253
11.5276179253
11.5276179253
11.5276179253
11.5276179253
11.5276179253
11.5276179253
11.5276179253
11.5276179253
11.5276179253
11.5276179253
11.5276179253
11.5276179253
11.5276179253
11.5276179253
11.5276179253
11.5276179253
11.5276179253
11.5276179253
11.5276179253
11.5276179253
11.5276179253
11.5276179253
11.5276179253
11.5276179253
11.5276179253
11.5276179253
11.5276179253
11.5276179253
11.5276179253
11.5276179253
11.5276179253
11.5276179253
11.5276179253
11.5276179253
15.6656001368
17.2569028353
17.0470778861
36.0025453404
63.058785357
84.7935806503
129.847610523
78.5461797633
90.0646539672
162.863483739
159.729326069
147.947677188
156.436727882
209.171678527
277.647995517
444.843266479
423.430303786
646.430098183
505.055265313
696.52207073
764.138954097
765.672669761
783.301482502
768.989326021
863.565823547
787.286084689
760.944380671
591.945853339
652.431717701
536.064809815
609.976584801
298.58488673
340.468532986
206.048586462
206.248401381
237.100631453
455.863524152
233.693271963
154.991512722
209.2483126
368.9154309
206.646121914
135.660614128
69.7427984873
72.4107411947
63.3800453854
11.3703373273
0.0
11.0256270242
15.0469976531
27.1849442425
0.0
0.0
0.0
0.0
0.0
0.0
0.0
0.0
0.0
0.0
0.0
0.0
0.0
0.0
0.0
0.0
0.0
0.0
0.0
0.0
0.0
0.0
0.0
0.0
0.0
0.0
0.0
0.0
0.0
0.0
0.0
0.0
0.0
0.0
0.0
0.0
0.0
0.0
0.0
0.0
0.0
0.0
0.0
0.0
0.0
43.6194238826
61.4690764093
70.8555580612
60.0197509863
67.1821858251
86.9713776091
120.560919705
142.2004381
154.88376906
191.893895663
224.389135948
250.465674637
272.208937392
180.361297053
145.251147148
156.230970073
180.792267498
220.666932
314.786147224
353.256183918
258.197973235
380.604259067
495.199345059
586.753529019
833.364308675
711.285131732
545.579703437
336.525964199
814.942378117
910.954317142
479.686790792
429.808679238
329.42025646
572.419911833
238.818906279
241.143839062
209.245904874
172.452499716
182.039765904
188.756118514
170.972031259
185.32789902
206.805393545
171.578482506
136.949281644
82.8879792955
63.5581316581
59.7432563162
56.6747766804
57.1293535966
0.0
0.0
56.1504280139
56.1504280139
56.1504280139
56.1504280139
56.1504280139
56.1504280139
56.1504280139
56.1504280139
56.1504280139
56.1504280139
56.1504280139
56.1504280139
56.1504280139
56.1504280139
56.1504280139
56.1504280139
56.1504280139
56.1504280139
56.1504280139
56.1504280139
56.1504280139
56.1504280139
56.1504280139
56.1504280139
56.1504280139
56.1504280139
56.1504280139
56.1504280139
56.1504280139
56.1504280139
56.1504280139
56.1504280139
56.1504280139
56.1504280139
56.1504280139
56.1504280139
56.1504280139
56.1504280139
56.1504280139
56.1504280139
56.1504280139
56.1504280139
56.1504280139
56.1504280139
88.4073654729
98.931765483
139.079235126
181.436983728
215.109496972
235.689595198
287.578417362
337.356130453
390.580005026
436.675794015
488.969116504
532.674148462
582.404812381
628.132678301
670.829664377
706.055297591
754.475001409
792.869892479
830.136609461
870.788252089
910.934150109
935.348149357
952.224838257
965.206563444
974.207659208
979.160908756
980.017636813
976.748024313
969.341667762
957.808373345
942.17912775
922.507364648
898.870375674
867.735922919
835.47569927
805.336148515
767.152494251
711.353383643
511.258538792
626.470549037
565.267234476
534.843779148
482.568465534
427.780426351
347.69554461
289.237972504
253.644128441
188.896213352
144.801835451
97.0158367891
81.2070298969
0.0
80.220511575
80.220511575
80.220511575
80.220511575
80.220511575
80.220511575
80.220511575
80.220511575
80.220511575
80.220511575
80.220511575
80.220511575
80.220511575
80.220511575
80.220511575
80.220511575
80.220511575
80.220511575
80.220511575
80.220511575
80.220511575
80.220511575
80.220511575
80.220511575
80.220511575
80.220511575
80.220511575
80.220511575
80.220511575
80.220511575
80.220511575
80.220511575
80.220511575
80.220511575
80.220511575
80.220511575
80.220511575
80.220511575
80.220511575
80.220511575
80.220511575
80.220511575
80.220511575
80.220511575
89.1999131879
101.172177714
123.72936164
156.062913992
191.447932447
230.335074514
275.58218436
329.786521129
383.933343806
432.904709498
487.531473176
536.446663001
589.53162922
634.312258598
683.384375678
728.425253909
765.552118676
805.303098108
840.247838208
874.491941534
912.328004364
935.348149357
952.224838257
965.206563444
974.207659208
979.160908756
980.017636813
976.748024313
969.341667762
957.808373345
942.17912775
922.507364648
896.624290401
868.585713052
832.550821418
795.378072625
753.822533632
710.287809845
663.510446141
614.644192427
560.661937225
510.136606852
451.227554843
202.861926576
375.024506561
259.181886966
239.642178796
188.740242339
163.254696952
73.7328745443
63.5464542422
0.0
77.4608309249
77.4608309249
77.4608309249
77.4608309249
77.4608309249
77.4608309249
77.4608309249
77.4608309249
77.4608309249
77.4608309249
77.4608309249
77.4608309249
77.4608309249
77.4608309249
77.4608309249
77.4608309249
77.4608309249
77.4608309249
77.4608309249
77.4608309249
77.4608309249
77.4608309249
77.4608309249
77.4608309249
77.4608309249
77.4608309249
77.4608309249
77.4608309249
77.4608309249
77.4608309249
77.4608309249
77.4608309249
77.4608309249
77.4608309249
77.4608309249
77.4608309249
77.4608309249
77.4608309249
77.4608309249
77.4608309249
77.4608309249
77.4608309249
77.4608309249
77.4608309249
83.806138813
93.0643812163
106.441060743
126.623511534
159.727374851
192.311423717
227.225115295
266.908304003
309.959219941
350.223958447
418.239664094
459.130783896
491.998486022
533.082550049
583.207272587
634.885458791
672.02720779
702.801736489
781.977791159
814.27621799
374.527616974
377.171736432
480.279138679
863.229716766
974.207659208
979.160908756
969.875331259
976.748024313
969.341667762
957.808373345
942.17912775
922.507364648
898.870375674
871.371024759
840.139636439
805.336148515
427.056091243
269.029143048
614.086744325
477.887389028
518.193846548
527.782014309
482.568465534
415.100444239
366.218254497
309.617313108
261.726707279
207.389252524
158.659899752
118.981097963
81.2070298969
0.0
62.3551951922
62.3551951922
62.3551951922
62.3551951922
62.3551951922
62.3551951922
62.3551951922
62.3551951922
62.3551951922
62.3551951922
62.3551951922
62.3551951922
62.3551951922
62.3551951922
62.3551951922
62.3551951922
62.3551951922
62.3551951922
62.3551951922
62.3551951922
62.3551951922
62.3551951922
62.3551951922
62.3551951922
62.3551951922
62.3551951922
62.3551951922
62.3551951922
62.3551951922
62.3551951922
62.3551951922
62.3551951922
62.3551951922
62.3551951922
62.3551951922
62.3551951922
62.3551951922
62.3551951922
62.3551951922
62.3551951922
62.3551951922
62.3551951922
62.3551951922
62.3551951922
53.4579194468
58.5490769199
69.6814277763
109.009147139
125.256693294
205.994035101
228.009282723
282.696863484
222.05855544
192.068681423
353.788042998
374.53038928
349.141010089
233.092297285
620.829935318
649.909540682
680.701643658
695.876671359
722.26008945
761.395854852
781.520323142
788.448094947
801.135640723
862.096199492
885.456428071
931.669568967
865.266249828
510.908775656
814.786385561
636.821981316
798.756218022
415.206598918
627.604863615
443.072098365
370.35303556
587.175970094
424.482295371
229.778044578
208.724407359
195.900439042
177.069214095
168.996077546
175.193473816
243.00697832
252.527114216
307.629621767
240.375544752
186.293941661
163.254696952
92.1232023484
49.2684609014
0.0
0.0
0.0
0.0
0.0
0.0
0.0
0.0
0.0
0.0
0.0
0.0
0.0
0.0
0.0
0.0
0.0
0.0
0.0
0.0
0.0
0.0
0.0
0.0
0.0
0.0
0.0
0.0
0.0
0.0
0.0
0.0
0.0
0.0
0.0
0.0
0.0
0.0
0.0
0.0
0.0
0.0
0.0
0.0
0.0
0.0
73.855650967
153.249928434
201.603649009
145.766358808
141.381252941
172.520691309
160.228269936
153.215121294
163.184293763
562.322679243
618.528495397
664.676295289
705.709264967
747.341903034
788.05080629
827.040253338
849.347037421
880.730313032
897.215243478
898.60484966
895.018400926
886.425848545
872.822035309
854.227892884
830.691918398
802.292241023
769.13905817
728.770737477
683.700324556
633.569136399
578.40691467
520.815786443
460.116416246
396.835350689
333.101781601
269.29965188
205.669110404
145.671682798
87.7890288606
27.5660578593
22.893027436
35.8655430598
35.8655430598
35.8655430598
22.893027436
22.893027436
0.0
0.0
0.0
0.0
0.0
13.4095046398
13.4095046398
13.4095046398
13.4095046398
13.4095046398
13.4095046398
13.4095046398
13.4095046398
13.4095046398
13.4095046398
13.4095046398
13.4095046398
13.4095046398
13.4095046398
13.4095046398
13.4095046398
13.4095046398
13.4095046398
13.4095046398
13.4095046398
13.4095046398
13.4095046398
13.4095046398
13.4095046398
13.4095046398
13.4095046398
13.4095046398
13.4095046398
13.4095046398
13.4095046398
13.4095046398
13.4095046398
13.4095046398
13.4095046398
13.4095046398
13.4095046398
13.4095046398
13.4095046398
13.4095046398
13.4095046398
13.4095046398
13.4095046398
13.4095046398
13.4095046398
18.9770738202
27.0213027286
32.9423826006
46.6277127796
54.4506840013
64.752007028
73.8911430245
95.9023551615
132.05654886
155.105810508
177.399728791
188.262036609
185.297125368
193.540021424
257.705057552
222.230000553
224.17710508
274.891189119
344.844233065
274.974479186
255.66062148
243.191481957
254.701190068
220.127957564
224.211196476
353.565916469
365.09129953
404.180689037
336.186238737
345.018839127
554.143654652
641.702706753
592.505375984
380.417989356
425.645380623
115.858568012
62.9177099456
58.212376945
52.212376945
44.212376945
41.212376945
37.4733686569
31.4733686569
31.4733686569
27.3672207604
15.2307872242
0.0
0.0
0.0
0.0
0.0
0.0
0.0
0.0
0.0
0.0
0.0
0.0
0.0
0.0
0.0
0.0
0.0
0.0
0.0
0.0
0.0
0.0
0.0
0.0
0.0
0.0
0.0
0.0
0.0
0.0
0.0
0.0
0.0
0.0
0.0
0.0
0.0
0.0
0.0
0.0
0.0
0.0
0.0
0.0
0.0
0.0
0.0
0.0
0.0
0.0
67.6852745154
77.7214440077
87.3262580969
100.583040759
124.077347698
155.207693638
191.053655282
233.132046854
278.486646603
324.270931293
370.642724306
422.226868051
469.943295634
514.685296214
563.949455783
608.441634871
653.102844369
692.369679378
732.969332377
759.400386321
783.524503398
815.889776637
841.615429088
870.515922612
894.850761218
900.640831711
912.089954865
942.805751703
978.361452152
957.733001448
947.414106059
944.28808659
924.375181019
900.289548173
872.133427416
840.038192097
804.166813125
764.716674153
720.948776636
676.060902392
627.452361669
572.342148023
516.20019766
446.414745755
401.382117703
350.055286456
296.553180939
244.331436597
195.601469757
140.322641373
96.4814217967
0.0
0.0
0.0
0.0
0.0
0.0
0.0
0.0
0.0
0.0
0.0
0.0
0.0
0.0
0.0
0.0
0.0
0.0
0.0
0.0
0.0
0.0
0.0
0.0
0.0
0.0
0.0
0.0
0.0
0.0
0.0
0.0
0.0
0.0
0.0
0.0
0.0
0.0
0.0
0.0
0.0
0.0
0.0
0.0
0.0
67.6749055487
77.7195829652
87.4709304581
100.34244433
121.447974344
154.886267344
189.314444876
217.556622725
344.418971168
330.399660404
363.578308154
436.490432788
486.406236143
540.174537528
532.171473642
620.124446771
633.780745677
708.964536944
669.835475433
685.864506257
221.136078826
208.197844644
223.884345682
290.784479842
750.536641178
598.468307952
396.530941042
711.647252009
316.630808643
256.021297194
345.771173461
588.672263512
853.304088756
548.397804391
345.773799864
220.944220421
180.95669572
205.441681658
202.671234196
121.307322347
141.673603889
145.235653054
184.647577172
195.986485408
244.619179946
161.231145761
158.803528142
157.552335217
135.031818341
95.0709569393
89.8396023318
0.0
0.0
0.0
0.0
0.0
0.0
0.0
0.0
0.0
0.0
0.0
0.0
0.0
0.0
0.0
0.0
0.0
0.0
0.0
0.0
0.0
0.0
0.0
0.0
0.0
0.0
0.0
0.0
0.0
0.0
0.0
0.0
0.0
0.0
0.0
0.0
0.0
0.0
0.0
0.0
0.0
0.0
0.0
0.0
0.0
10.3800045741
13.2672998844
9.77650524001
12.3742235767
25.9099791152
24.6974681381
19.956102901
39.1342324966
69.9086936152
59.6675260576
145.957729763
179.545947931
262.524502355
216.519499363
439.776432266
246.130230341
413.606022761
288.575936994
266.532946693
321.963933407
700.977529542
556.590380807
759.674482297
647.637802515
609.327854776
979.473070454
981.07373725
903.290941418
971.31968063
682.851208418
944.28808659
924.375181019
900.289548173
523.759630774
722.036478548
804.166813125
365.307210026
297.630709265
239.678816901
218.827057798
209.125146817
182.64200341
184.079008673
164.764323764
145.277034173
160.556098889
139.636061383
118.49710665
99.2790630862
60.7182645309
54.5732854778
0.0
0.0
0.0
0.0
0.0
0.0
0.0
0.0
0.0
0.0
0.0
0.0
0.0
0.0
0.0
0.0
0.0
0.0
0.0
0.0
0.0
0.0
0.0
0.0
0.0
0.0
0.0
0.0
0.0
0.0
0.0
0.0
0.0
0.0
0.0
0.0
0.0
0.0
0.0
0.0
0.0
0.0
0.0
0.0
0.0
42.415221899
48.9695894942
70.5811918943
72.048925628
100.000734346
127.008070644
141.090542231
143.209782005
158.720119118
167.411040917
206.170244315
319.892669172
375.559363569
483.875162826
532.34668373
533.121750856
601.742067321
568.153069977
712.704303187
786.072375045
248.816298102
253.28407956
242.063624553
233.124783638
408.307743822
229.391432836
251.952724946
294.623544872
289.496897445
212.755317427
220.257097782
208.412779392
213.852244222
229.695621882
380.347223005
384.99234863
414.64021699
294.671122037
283.858689333
220.684498942
193.464471214
180.753792755
182.226811923
197.764020056
174.009658813
85.2181837457
71.3856081188
112.172182148
103.164448339
89.3454688716
40.7080196886
0.0
0.0
0.0
0.0
0.0
0.0
0.0
0.0
0.0
0.0
0.0
0.0
0.0
0.0
0.0
0.0
0.0
0.0
0.0
0.0
0.0
0.0
0.0
0.0
0.0
0.0
0.0
0.0
0.0
0.0
0.0
0.0
0.0
0.0
0.0
0.0
0.0
0.0
0.0
0.0
0.0
0.0
0.0
0.0
0.0
50.7033717979
72.3363010618
85.6448090953
92.7177224934
118.216746241
120.747835991
151.220489323
138.159776818
174.552317725
175.841436843
198.441706258
187.60954671
318.639038575
219.490909772
271.990626767
402.306235485
488.962956812
210.801788917
246.497980232
224.658579639
209.849897531
163.036572644
175.666910318
219.92174455
225.998492282
233.131015941
206.75197409
204.487219362
227.763778915
384.952023172
959.952984932
944.28808659
924.375181019
696.828313583
870.049215985
840.038192097
202.24656198
424.496696146
355.331273527
195.240120717
232.614548251
345.240124303
194.296553522
176.702715654
174.3131022
180.52948448
128.998267426
83.7818637424
66.9038602552
52.0923328889
43.9095659378
0.0
0.0
0.0
0.0
0.0
0.0
0.0
0.0
0.0
0.0
0.0
0.0
0.0
0.0
0.0
0.0
0.0
0.0
0.0
0.0
0.0
0.0
0.0
0.0
0.0
0.0
0.0
0.0
0.0
0.0
0.0
0.0
0.0
0.0
0.0
0.0
0.0
0.0
0.0
0.0
0.0
0.0
0.0
0.0
0.0
33.3022941932
37.4624803657
40.1500138584
38.506485939
51.1849031856
49.8938002057
69.7856647377
99.3708296882
130.464144421
142.730992488
210.650466251
181.397412113
199.232603709
229.229496556
222.479428674
280.915869851
210.026481889
240.368229108
221.347444942
260.960055653
697.187893142
563.890859685
793.257369604
855.194858649
941.589326516
938.378873124
979.473070454
950.628098578
894.995713454
949.450290126
873.844003922
920.820619371
915.121511606
900.289548173
872.133427416
833.033718663
798.523022122
753.490975274
710.570140219
658.284178905
606.953500014
552.072074108
496.350365076
439.486357208
381.672852459
325.084720807
271.4850238
248.516095316
138.419138998
140.322641373
77.8371122637
0.0
0.0
0.0
0.0
0.0
0.0
0.0
0.0
0.0
0.0
0.0
0.0
0.0
0.0
0.0
0.0
0.0
0.0
0.0
0.0
0.0
0.0
0.0
0.0
0.0
0.0
0.0
0.0
0.0
0.0
0.0
0.0
0.0
0.0
0.0
0.0
0.0
0.0
0.0
0.0
0.0
0.0
0.0
0.0
0.0
67.7007743151
77.7758921436
88.0548458181
104.201884376
128.674039254
164.232790923
203.548199352
247.667080773
292.482742375
320.371826449
389.081037
448.425952862
495.720105783
545.161459572
600.288273803
649.520885761
700.468501425
738.323488741
779.334779658
800.172744229
839.84054122
857.244094718
402.022523603
202.450609876
219.930989062
951.565528152
979.473070454
981.07373725
978.361452152
971.31968063
959.952984932
944.28808659
777.036844759
900.289548173
872.133427416
840.038192097
804.166813125
764.716674153
721.922698714
668.734791943
612.952715751
557.6938159
496.951578646
444.463938134
389.064203768
329.672588104
274.055676729
219.775714956
169.774564327
118.32024377
79.5005936419
0.0
11.5276179253
11.5276179253
11.5276179253
11.5276179253
11.5276179253
11.5276179253
11.5276179253
11.5276179253
11.5276179253
11.5276179253
11.5276179253
11.5276179253
11.5276179253
11.5276179253
11.5276179253
11.5276179253
11.5276179253
11.5276179253
11.5276179253
11.5276179253
11.5276179253
11.5276179253
11.5276179253
11.5276179253
11.5276179253
11.5276179253
11.5276179253
11.5276179253
11.5276179253
11.5276179253
11.5276179253
11.5276179253
11.5276179253
11.5276179253
11.5276179253
11.5276179253
11.5276179253
11.5276179253
11.5276179253
11.5276179253
11.5276179253
11.5276179253
11.5276179253
11.5276179253
15.6656001368
17.2569028353
17.0470778861
36.0025453404
63.058785357
84.7935806503
129.847610523
78.5461797633
90.0646539672
162.863483739
159.729326069
147.947677188
156.436727882
209.171678527
277.647995517
444.843266479
423.430303786
646.430098183
505.055265313
696.52207073
764.138954097
765.672669761
783.301482502
768.989326021
863.565823547
787.286084689
760.944380671
591.945853339
652.431717701
536.064809815
609.976584801
298.58488673
340.468532986
206.048586462
206.248401381
237.100631453
455.863524152
233.693271963
154.991512722
209.2483126
368.9154309
206.646121914
135.660614128
69.7427984873
72.4107411947
63.3800453854
11.3703373273
0.0
11.0256270242
15.0469976531
27.1849442425
0.0
0.0
0.0
0.0
0.0
0.0
0.0
0.0
0.0
0.0
0.0
0.0
0.0
0.0
0.0
0.0
0.0
0.0
0.0
0.0
0.0
0.0
0.0
0.0
0.0
0.0
0.0
0.0
0.0
0.0
0.0
0.0
0.0
0.0
0.0
0.0
0.0
0.0
0.0
0.0
0.0
0.0
0.0
0.0
0.0
43.6194238826
61.4690764093
70.8555580612
60.0197509863
67.1821858251
86.9713776091
120.560919705
142.2004381
154.88376906
191.893895663
224.389135948
250.465674637
272.208937392
180.361297053
145.251147148
156.230970073
180.792267498
220.666932
314.786147224
353.256183918
258.197973235
380.604259067
495.199345059
586.753529019
833.364308675
711.285131732
545.579703437
336.525964199
814.942378117
910.954317142
479.686790792
429.808679238
329.42025646
572.419911833
238.818906279
241.143839062
209.245904874
172.452499716
182.039765904
188.756118514
170.972031259
185.32789902
206.805393545
171.578482506
136.949281644
82.8879792955
63.5581316581
59.7432563162
56.6747766804
57.1293535966
0.0
0.0
56.1504280139
56.1504280139
56.1504280139
56.1504280139
56.1504280139
56.1504280139
56.1504280139
56.1504280139
56.1504280139
56.1504280139
56.1504280139
56.1504280139
56.1504280139
56.1504280139
56.1504280139
56.1504280139
56.1504280139
56.1504280139
56.1504280139
56.1504280139
56.1504280139
56.1504280139
56.1504280139
56.1504280139
56.1504280139
56.1504280139
56.1504280139
56.1504280139
56.1504280139
56.1504280139
56.1504280139
56.1504280139
56.1504280139
56.1504280139
56.1504280139
56.1504280139
56.1504280139
56.1504280139
56.1504280139
56.1504280139
56.1504280139
56.1504280139
56.1504280139
56.1504280139
88.4073654729
98.931765483
139.079235126
181.436983728
215.109496972
235.689595198
287.578417362
337.356130453
390.580005026
436.675794015
488.969116504
532.674148462
582.404812381
628.132678301
670.829664377
706.055297591
754.475001409
792.869892479
830.136609461
870.788252089
910.934150109
935.348149357
952.224838257
965.206563444
974.207659208
979.160908756
980.017636813
976.748024313
969.341667762
957.808373345
942.17912775
922.507364648
898.870375674
867.735922919
835.47569927
805.336148515
767.152494251
711.353383643
511.258538792
626.470549037
565.267234476
534.843779148
482.568465534
427.780426351
347.69554461
289.237972504
253.644128441
188.896213352
144.801835451
97.0158367891
81.2070298969
0.0
80.220511575
80.220511575
80.220511575
80.220511575
80.220511575
80.220511575
80.220511575
80.220511575
80.220511575
80.220511575
80.220511575
80.220511575
80.220511575
80.220511575
80.220511575
80.220511575
80.220511575
80.220511575
80.220511575
80.220511575
80.220511575
80.220511575
80.220511575
80.220511575
80.220511575
80.220511575
80.220511575
80.220511575
80.220511575
80.220511575
80.220511575
80.220511575
80.220511575
80.220511575
80.220511575
80.220511575
80.220511575
80.220511575
80.220511575
80.220511575
80.220511575
80.220511575
80.220511575
80.220511575
89.1999131879
101.172177714
123.72936164
156.062913992
191.447932447
230.335074514
275.58218436
329.786521129
383.933343806
432.904709498
487.531473176
536.446663001
589.53162922
634.312258598
683.384375678
728.425253909
765.552118676
805.303098108
840.247838208
874.491941534
912.328004364
935.348149357
952.224838257
965.206563444
974.207659208
979.160908756
980.017636813
976.748024313
969.341667762
957.808373345
942.17912775
922.507364648
896.624290401
868.585713052
832.550821418
795.378072625
753.822533632
710.287809845
663.510446141
614.644192427
560.661937225
510.136606852
451.227554843
202.861926576
375.024506561
259.181886966
239.642178796
188.740242339
163.254696952
73.7328745443
63.5464542422
0.0
77.4608309249
77.4608309249
77.4608309249
77.4608309249
77.4608309249
77.4608309249
77.4608309249
77.4608309249
77.4608309249
77.4608309249
77.4608309249
77.4608309249
77.4608309249
77.4608309249
77.4608309249
77.4608309249
77.4608309249
77.4608309249
77.4608309249
77.4608309249
77.4608309249
77.4608309249
77.4608309249
77.4608309249
77.4608309249
77.4608309249
77.4608309249
77.4608309249
77.4608309249
77.4608309249
77.4608309249
77.4608309249
77.4608309249
77.4608309249
77.4608309249
77.4608309249
77.4608309249
77.4608309249
77.4608309249
77.4608309249
77.4608309249
77.4608309249
77.4608309249
77.4608309249
83.806138813
93.0643812163
106.441060743
126.623511534
159.727374851
192.311423717
227.225115295
266.908304003
309.959219941
350.223958447
418.239664094
459.130783896
491.998486022
533.082550049
583.207272587
634.885458791
672.02720779
702.801736489
781.977791159
814.27621799
374.527616974
377.171736432
480.279138679
863.229716766
974.207659208
979.160908756
969.875331259
976.748024313
969.341667762
957.808373345
942.17912775
922.507364648
898.870375674
871.371024759
840.139636439
805.336148515
427.056091243
269.029143048
614.086744325
477.887389028
518.193846548
527.782014309
482.568465534
415.100444239
366.218254497
309.617313108
261.726707279
207.389252524
158.659899752
118.981097963
81.2070298969
0.0
62.3551951922
62.3551951922
62.3551951922
62.3551951922
62.3551951922
62.3551951922
62.3551951922
62.3551951922
62.3551951922
62.3551951922
62.3551951922
62.3551951922
62.3551951922
62.3551951922
62.3551951922
62.3551951922
62.3551951922
62.3551951922
62.3551951922
62.3551951922
62.3551951922
62.3551951922
62.3551951922
62.3551951922
62.3551951922
62.3551951922
62.3551951922
62.3551951922
62.3551951922
62.3551951922
62.3551951922
62.3551951922
62.3551951922
62.3551951922
62.3551951922
62.3551951922
62.3551951922
62.3551951922
62.3551951922
62.3551951922
62.3551951922
62.3551951922
62.3551951922
62.3551951922
53.4579194468
58.5490769199
69.6814277763
109.009147139
125.256693294
205.994035101
228.009282723
282.696863484
222.05855544
192.068681423
353.788042998
374.53038928
349.141010089
233.092297285
620.829935318
649.909540682
680.701643658
695.876671359
722.26008945
761.395854852
781.520323142
788.448094947
801.135640723
862.096199492
885.456428071
931.669568967
865.266249828
510.908775656
814.786385561
636.821981316
798.756218022
415.206598918
627.604863615
443.072098365
370.35303556
587.175970094
424.482295371
229.778044578
208.724407359
195.900439042
177.069214095
168.996077546
175.193473816
243.00697832
252.527114216
307.629621767
240.375544752
186.293941661
163.254696952
92.1232023484
49.2684609014
0.0
0.0
0.0
0.0
0.0
0.0
0.0
0.0
0.0
0.0
0.0
0.0
0.0
0.0
0.0
0.0
0.0
0.0
0.0
0.0
0.0
0.0
0.0
0.0
0.0
0.0
0.0
0.0
0.0
0.0
0.0
0.0
0.0
0.0
0.0
0.0
0.0
0.0
0.0
0.0
0.0
0.0
0.0
0.0
0.0
0.0
73.855650967
153.249928434
201.603649009
145.766358808
141.381252941
172.520691309
160.228269936
153.215121294
163.184293763
562.322679243
618.528495397
664.676295289
705.709264967
747.341903034
788.05080629
827.040253338
849.347037421
880.730313032
897.215243478
898.60484966
895.018400926
886.425848545
872.822035309
854.227892884
830.691918398
802.292241023
769.13905817
728.770737477
683.700324556
633.569136399
578.40691467
520.815786443
460.116416246
396.835350689
333.101781601
269.29965188
205.669110404
145.671682798
87.7890288606
27.5660578593
22.893027436
35.8655430598
35.8655430598
35.8655430598
22.893027436
22.893027436
0.0
0.0
0.0
0.0
0.0
13.4095046398
13.4095046398
13.4095046398
13.4095046398
13.4095046398
13.4095046398
13.4095046398
13.4095046398
13.4095046398
13.4095046398
13.4095046398
13.4095046398
13.4095046398
13.4095046398
13.4095046398
13.4095046398
13.4095046398
13.4095046398
13.4095046398
13.4095046398
13.4095046398
13.4095046398
13.4095046398
13.4095046398
13.4095046398
13.4095046398
13.4095046398
13.4095046398
13.4095046398
13.4095046398
13.4095046398
13.4095046398
13.4095046398
13.4095046398
13.4095046398
13.4095046398
13.4095046398
13.4095046398
13.4095046398
13.4095046398
13.4095046398
13.4095046398
13.4095046398
13.4095046398
18.9770738202
27.0213027286
32.9423826006
46.6277127796
54.4506840013
64.752007028
73.8911430245
95.9023551615
132.05654886
155.105810508
177.399728791
188.262036609
185.297125368
193.540021424
257.705057552
222.230000553
224.17710508
274.891189119
344.844233065
274.974479186
255.66062148
243.191481957
254.701190068
220.127957564
224.211196476
353.565916469
365.09129953
404.180689037
336.186238737
345.018839127
554.143654652
641.702706753
592.505375984
380.417989356
425.645380623
115.858568012
62.9177099456
58.212376945
52.212376945
44.212376945
41.212376945
37.4733686569
31.4733686569
31.4733686569
27.3672207604
15.2307872242
0.0
0.0
0.0
0.0
0.0
0.0
0.0
0.0
0.0
0.0
0.0
0.0
0.0
0.0
0.0
0.0
0.0
0.0
0.0
0.0
0.0
0.0
0.0
0.0
0.0
0.0
0.0
0.0
0.0
0.0
0.0
0.0
0.0
0.0
0.0
0.0
0.0
0.0
0.0
0.0
0.0
0.0
0.0
0.0
0.0
0.0
0.0
0.0
0.0
0.0
67.6852745154
77.7214440077
87.3262580969
100.583040759
124.077347698
155.207693638
191.053655282
233.132046854
278.486646603
324.270931293
370.642724306
422.226868051
469.943295634
514.685296214
563.949455783
608.441634871
653.102844369
692.369679378
732.969332377
759.400386321
783.524503398
815.889776637
841.615429088
870.515922612
894.850761218
900.640831711
912.089954865
942.805751703
978.361452152
957.733001448
947.414106059
944.28808659
924.375181019
900.289548173
872.133427416
840.038192097
804.166813125
764.716674153
720.948776636
676.060902392
627.452361669
572.342148023
516.20019766
446.414745755
401.382117703
350.055286456
296.553180939
244.331436597
195.601469757
140.322641373
96.4814217967
0.0
0.0
0.0
0.0
0.0
0.0
0.0
0.0
0.0
0.0
0.0
0.0
0.0
0.0
0.0
0.0
0.0
0.0
0.0
0.0
0.0
0.0
0.0
0.0
0.0
0.0
0.0
0.0
0.0
0.0
0.0
0.0
0.0
0.0
0.0
0.0
0.0
0.0
0.0
0.0
0.0
0.0
0.0
0.0
0.0
67.6749055487
77.7195829652
87.4709304581
100.34244433
121.447974344
154.886267344
189.314444876
217.556622725
344.418971168
330.399660404
363.578308154
436.490432788
486.406236143
540.174537528
532.171473642
620.124446771
633.780745677
708.964536944
669.835475433
685.864506257
221.136078826
208.197844644
223.884345682
290.784479842
750.536641178
598.468307952
396.530941042
711.647252009
316.630808643
256.021297194
345.771173461
588.672263512
853.304088756
548.397804391
345.773799864
220.944220421
180.95669572
205.441681658
202.671234196
121.307322347
141.673603889
145.235653054
184.647577172
195.986485408
244.619179946
161.231145761
158.803528142
157.552335217
135.031818341
95.0709569393
89.8396023318
0.0
0.0
0.0
0.0
0.0
0.0
0.0
0.0
0.0
0.0
0.0
0.0
0.0
0.0
0.0
0.0
0.0
0.0
0.0
0.0
0.0
0.0
0.0
0.0
0.0
0.0
0.0
0.0
0.0
0.0
0.0
0.0
0.0
0.0
0.0
0.0
0.0
0.0
0.0
0.0
0.0
0.0
0.0
0.0
0.0
10.3800045741
13.2672998844
9.77650524001
12.3742235767
25.9099791152
24.6974681381
19.956102901
39.1342324966
69.9086936152
59.6675260576
145.957729763
179.545947931
262.524502355
216.519499363
439.776432266
246.130230341
413.606022761
288.575936994
266.532946693
321.963933407
700.977529542
556.590380807
759.674482297
647.637802515
609.327854776
979.473070454
981.07373725
903.290941418
971.31968063
682.851208418
944.28808659
924.375181019
900.289548173
523.759630774
722.036478548
804.166813125
365.307210026
297.630709265
239.678816901
218.827057798
209.125146817
182.64200341
184.079008673
164.764323764
145.277034173
160.556098889
139.636061383
118.49710665
99.2790630862
60.7182645309
54.5732854778
0.0
0.0
0.0
0.0
0.0
0.0
0.0
0.0
0.0
0.0
0.0
0.0
0.0
0.0
0.0
0.0
0.0
0.0
0.0
0.0
0.0
0.0
0.0
0.0
0.0
0.0
0.0
0.0
0.0
0.0
0.0
0.0
0.0
0.0
0.0
0.0
0.0
0.0
0.0
0.0
0.0
0.0
0.0
0.0
0.0
42.415221899
48.9695894942
70.5811918943
72.048925628
100.000734346
127.008070644
141.090542231
143.209782005
158.720119118
167.411040917
206.170244315
319.892669172
375.559363569
483.875162826
532.34668373
533.121750856
601.742067321
568.153069977
712.704303187
786.072375045
248.816298102
253.28407956
242.063624553
233.124783638
408.307743822
229.391432836
251.952724946
294.623544872
289.496897445
212.755317427
220.257097782
208.412779392
213.852244222
229.695621882
380.347223005
384.99234863
414.64021699
294.671122037
283.858689333
220.684498942
193.464471214
180.753792755
182.226811923
197.764020056
174.009658813
85.2181837457
71.3856081188
112.172182148
103.164448339
89.3454688716
40.7080196886
0.0
0.0
0.0
0.0
0.0
0.0
0.0
0.0
0.0
0.0
0.0
0.0
0.0
0.0
0.0
0.0
0.0
0.0
0.0
0.0
0.0
0.0
0.0
0.0
0.0
0.0
0.0
0.0
0.0
0.0
0.0
0.0
0.0
0.0
0.0
0.0
0.0
0.0
0.0
0.0
0.0
0.0
0.0
0.0
0.0
50.7033717979
72.3363010618
85.6448090953
92.7177224934
118.216746241
120.747835991
151.220489323
138.159776818
174.552317725
175.841436843
198.441706258
187.60954671
318.639038575
219.490909772
271.990626767
402.306235485
488.962956812
210.801788917
246.497980232
224.658579639
209.849897531
163.036572644
175.666910318
219.92174455
225.998492282
233.131015941
206.75197409
204.487219362
227.763778915
384.952023172
959.952984932
944.28808659
924.375181019
696.828313583
870.049215985
840.038192097
202.24656198
424.496696146
355.331273527
195.240120717
232.614548251
345.240124303
194.296553522
176.702715654
174.3131022
180.52948448
128.998267426
83.7818637424
66.9038602552
52.0923328889
43.9095659378
0.0
0.0
0.0
0.0
0.0
0.0
0.0
0.0
0.0
0.0
0.0
0.0
0.0
0.0
0.0
0.0
0.0
0.0
0.0
0.0
0.0
0.0
0.0
0.0
0.0
0.0
0.0
0.0
0.0
0.0
0.0
0.0
0.0
0.0
0.0
0.0
0.0
0.0
0.0
0.0
0.0
0.0
0.0
0.0
0.0
33.3022941932
37.4624803657
40.1500138584
38.506485939
51.1849031856
49.8938002057
69.7856647377
99.3708296882
130.464144421
142.730992488
210.650466251
181.397412113
199.232603709
229.229496556
222.479428674
280.915869851
210.026481889
240.368229108
221.347444942
260.960055653
697.187893142
563.890859685
793.257369604
855.194858649
941.589326516
938.378873124
979.473070454
950.628098578
894.995713454
949.450290126
873.844003922
920.820619371
915.121511606
900.289548173
872.133427416
833.033718663
798.523022122
753.490975274
710.570140219
658.284178905
606.953500014
552.072074108
496.350365076
439.486357208
381.672852459
325.084720807
271.4850238
248.516095316
138.419138998
140.322641373
77.8371122637
0.0
0.0
0.0
0.0
0.0
0.0
0.0
0.0
0.0
0.0
0.0
0.0
0.0
0.0
0.0
0.0
0.0
0.0
0.0
0.0
0.0
0.0
0.0
0.0
0.0
0.0
0.0
0.0
0.0
0.0
0.0
0.0
0.0
0.0
0.0
0.0
0.0
0.0
0.0
0.0
0.0
0.0
0.0
0.0
0.0
67.7007743151
77.7758921436
88.0548458181
104.201884376
128.674039254
164.232790923
203.548199352
247.667080773
292.482742375
320.371826449
389.081037
448.425952862
495.720105783
545.161459572
600.288273803
649.520885761
700.468501425
738.323488741
779.334779658
800.172744229
839.84054122
857.244094718
402.022523603
202.450609876
219.930989062
951.565528152
979.473070454
981.07373725
978.361452152
971.31968063
959.952984932
944.28808659
777.036844759
900.289548173
872.133427416
840.038192097
804.166813125
764.716674153
721.922698714
668.734791943
612.952715751
557.6938159
496.951578646
444.463938134
389.064203768
329.672588104
274.055676729
219.775714956
169.774564327
118.32024377
79.5005936419
0.0
11.5276179253
11.5276179253
11.5276179253
11.5276179253
11.5276179253
11.5276179253
11.5276179253
11.5276179253
11.5276179253
11.5276179253
11.5276179253
11.5276179253
11.5276179253
11.5276179253
11.5276179253
11.5276179253
11.5276179253
11.5276179253
11.5276179253
11.5276179253
11.5276179253
11.5276179253
11.5276179253
11.5276179253
11.5276179253
11.5276179253
11.5276179253
11.5276179253
11.5276179253
11.5276179253
11.5276179253
11.5276179253
11.5276179253
11.5276179253
11.5276179253
11.5276179253
11.5276179253
11.5276179253
11.5276179253
11.5276179253
11.5276179253
11.5276179253
11.5276179253
11.5276179253
15.6656001368
17.2569028353
17.0470778861
36.0025453404
63.058785357
84.7935806503
129.847610523
78.5461797633
90.0646539672
162.863483739
159.729326069
147.947677188
156.436727882
209.171678527
277.647995517
444.843266479
423.430303786
646.430098183
505.055265313
696.52207073
764.138954097
765.672669761
783.301482502
768.989326021
863.565823547
787.286084689
760.944380671
591.945853339
652.431717701
536.064809815
609.976584801
298.58488673
340.468532986
206.048586462
206.248401381
237.100631453
455.863524152
233.693271963
154.991512722
209.2483126
368.9154309
206.646121914
135.660614128
69.7427984873
72.4107411947
63.3800453854
11.3703373273
0.0
11.0256270242
15.0469976531
27.1849442425
0.0
0.0
0.0
0.0
0.0
0.0
0.0
0.0
0.0
0.0
0.0
0.0
0.0
0.0
0.0
0.0
0.0
0.0
0.0
0.0
0.0
0.0
0.0
0.0
0.0
0.0
0.0
0.0
0.0
0.0
0.0
0.0
0.0
0.0
0.0
0.0
0.0
0.0
0.0
0.0
0.0
0.0
0.0
0.0
0.0
43.6194238826
61.4690764093
70.8555580612
60.0197509863
67.1821858251
86.9713776091
120.560919705
142.2004381
154.88376906
191.893895663
224.389135948
250.465674637
272.208937392
180.361297053
145.251147148
156.230970073
180.792267498
220.666932
314.786147224
353.256183918
258.197973235
380.604259067
495.199345059
586.753529019
833.364308675
711.285131732
545.579703437
336.525964199
814.942378117
910.954317142
479.686790792
429.808679238
329.42025646
572.419911833
238.818906279
241.143839062
209.245904874
172.452499716
182.039765904
188.756118514
170.972031259
185.32789902
206.805393545
171.578482506
136.949281644
82.8879792955
63.5581316581
59.7432563162
56.6747766804
57.1293535966
0.0
0.0
56.1504280139
56.1504280139
56.1504280139
56.1504280139
56.1504280139
56.1504280139
56.1504280139
56.1504280139
56.1504280139
56.1504280139
56.1504280139
56.1504280139
56.1504280139
56.1504280139
56.1504280139
56.1504280139
56.1504280139
56.1504280139
56.1504280139
56.1504280139
56.1504280139
56.1504280139
56.1504280139
56.1504280139
56.1504280139
56.1504280139
56.1504280139
56.1504280139
56.1504280139
56.1504280139
56.1504280139
56.1504280139
56.1504280139
56.1504280139
56.1504280139
56.1504280139
56.1504280139
56.1504280139
56.1504280139
56.1504280139
56.1504280139
56.1504280139
56.1504280139
56.1504280139
88.4073654729
98.931765483
139.079235126
181.436983728
215.109496972
235.689595198
287.578417362
337.356130453
390.580005026
436.675794015
488.969116504
532.674148462
582.404812381
628.132678301
670.829664377
706.055297591
754.475001409
792.869892479
830.136609461
870.788252089
910.934150109
935.348149357
952.224838257
965.206563444
974.207659208
979.160908756
980.017636813
976.748024313
969.341667762
957.808373345
942.17912775
922.507364648
898.870375674
867.735922919
835.47569927
805.336148515
767.152494251
711.353383643
511.258538792
626.470549037
565.267234476
534.843779148
482.568465534
427.780426351
347.69554461
289.237972504
253.644128441
188.896213352
144.801835451
97.0158367891
81.2070298969
0.0
80.220511575
80.220511575
80.220511575
80.220511575
80.220511575
80.220511575
80.220511575
80.220511575
80.220511575
80.220511575
80.220511575
80.220511575
80.220511575
80.220511575
80.220511575
80.220511575
80.220511575
80.220511575
80.220511575
80.220511575
80.220511575
80.220511575
80.220511575
80.220511575
80.220511575
80.220511575
80.220511575
80.220511575
80.220511575
80.220511575
80.220511575
80.220511575
80.220511575
80.220511575
80.220511575
80.220511575
80.220511575
80.220511575
80.220511575
80.220511575
80.220511575
80.220511575
80.220511575
80.220511575
89.1999131879
101.172177714
123.72936164
156.062913992
191.447932447
230.335074514
275.58218436
329.786521129
383.933343806
432.904709498
487.531473176
536.446663001
589.53162922
634.312258598
683.384375678
728.425253909
765.552118676
805.303098108
840.247838208
874.491941534
912.328004364
935.348149357
952.224838257
965.206563444
974.207659208
979.160908756
980.017636813
976.748024313
969.341667762
957.808373345
942.17912775
922.507364648
896.624290401
868.585713052
832.550821418
795.378072625
753.822533632
710.287809845
663.510446141
614.644192427
560.661937225
510.136606852
451.227554843
202.861926576
375.024506561
259.181886966
239.642178796
188.740242339
163.254696952
73.7328745443
63.5464542422
0.0
77.4608309249
77.4608309249
77.4608309249
77.4608309249
77.4608309249
77.4608309249
77.4608309249
77.4608309249
77.4608309249
77.4608309249
77.4608309249
77.4608309249
77.4608309249
77.4608309249
77.4608309249
77.4608309249
77.4608309249
77.4608309249
77.4608309249
77.4608309249
77.4608309249
77.4608309249
77.4608309249
77.4608309249
77.4608309249
77.4608309249
77.4608309249
77.4608309249
77.4608309249
77.4608309249
77.4608309249
77.4608309249
77.4608309249
77.4608309249
77.4608309249
77.4608309249
77.4608309249
77.4608309249
77.4608309249
77.4608309249
77.4608309249
77.4608309249
77.4608309249
77.4608309249
83.806138813
93.0643812163
106.441060743
126.623511534
159.727374851
192.311423717
227.225115295
266.908304003
309.959219941
350.223958447
418.239664094
459.130783896
491.998486022
533.082550049
583.207272587
634.885458791
672.02720779
702.801736489
781.977791159
814.27621799
374.527616974
377.171736432
480.279138679
863.229716766
974.207659208
979.160908756
969.875331259
976.748024313
969.341667762
957.808373345
942.17912775
922.507364648
898.870375674
871.371024759
840.139636439
805.336148515
427.056091243
269.029143048
614.086744325
477.887389028
518.193846548
527.782014309
482.568465534
415.100444239
366.218254497
309.617313108
261.726707279
207.389252524
158.659899752
118.981097963
81.2070298969
0.0
62.3551951922
62.3551951922
62.3551951922
62.3551951922
62.3551951922
62.3551951922
62.3551951922
62.3551951922
62.3551951922
62.3551951922
62.3551951922
62.3551951922
62.3551951922
62.3551951922
62.3551951922
62.3551951922
62.3551951922
62.3551951922
62.3551951922
62.3551951922
62.3551951922
62.3551951922
62.3551951922
62.3551951922
62.3551951922
62.3551951922
62.3551951922
62.3551951922
62.3551951922
62.3551951922
62.3551951922
62.3551951922
62.3551951922
62.3551951922
62.3551951922
62.3551951922
62.3551951922
62.3551951922
62.3551951922
62.3551951922
62.3551951922
62.3551951922
62.3551951922
62.3551951922
53.4579194468
58.5490769199
69.6814277763
109.009147139
125.256693294
205.994035101
228.009282723
282.696863484
222.05855544
192.068681423
353.788042998
374.53038928
349.141010089
233.092297285
620.829935318
649.909540682
680.701643658
695.876671359
722.26008945
761.395854852
781.520323142
788.448094947
801.135640723
862.096199492
885.456428071
931.669568967
865.266249828
510.908775656
814.786385561
636.821981316
798.756218022
415.206598918
627.604863615
443.072098365
370.35303556
587.175970094
424.482295371
229.778044578
208.724407359
195.900439042
177.069214095
168.996077546
175.193473816
243.00697832
252.527114216
307.629621767
240.375544752
186.293941661
163.254696952
92.1232023484
49.2684609014
0.0
0.0
0.0
0.0
0.0
0.0
0.0
0.0
0.0
0.0
0.0
0.0
0.0
0.0
0.0
0.0
0.0
0.0
0.0
0.0
0.0
0.0
0.0
0.0
0.0
0.0
0.0
0.0
0.0
0.0
0.0
0.0
0.0
0.0
0.0
0.0
0.0
0.0
0.0
0.0
0.0
0.0
0.0
0.0
0.0
0.0
73.855650967
153.249928434
201.603649009
145.766358808
141.381252941
172.520691309
160.228269936
153.215121294
163.184293763
562.322679243
618.528495397
664.676295289
705.709264967
747.341903034
788.05080629
827.040253338
849.347037421
880.730313032
897.215243478
898.60484966
895.018400926
886.425848545
872.822035309
854.227892884
830.691918398
802.292241023
769.13905817
728.770737477
683.700324556
633.569136399
578.40691467
520.815786443
460.116416246
396.835350689
333.101781601
269.29965188
205.669110404
145.671682798
87.7890288606
27.5660578593
22.893027436
35.8655430598
35.8655430598
35.8655430598
22.893027436
22.893027436
0.0
0.0
0.0
0.0
0.0
13.4095046398
13.4095046398
13.4095046398
13.4095046398
13.4095046398
13.4095046398
13.4095046398
13.4095046398
13.4095046398
13.4095046398
13.4095046398
13.4095046398
13.4095046398
13.4095046398
13.4095046398
13.4095046398
13.4095046398
13.4095046398
13.4095046398
13.4095046398
13.4095046398
13.4095046398
13.4095046398
13.4095046398
13.4095046398
13.4095046398
13.4095046398
13.4095046398
13.4095046398
13.4095046398
13.4095046398
13.4095046398
13.4095046398
13.4095046398
13.4095046398
13.4095046398
13.4095046398
13.4095046398
13.4095046398
13.4095046398
13.4095046398
13.4095046398
13.4095046398
13.4095046398
18.9770738202
27.0213027286
32.9423826006
46.6277127796
54.4506840013
64.752007028
73.8911430245
95.9023551615
132.05654886
155.105810508
177.399728791
188.262036609
185.297125368
193.540021424
257.705057552
222.230000553
224.17710508
274.891189119
344.844233065
274.974479186
255.66062148
243.191481957
254.701190068
220.127957564
224.211196476
353.565916469
365.09129953
404.180689037
336.186238737
345.018839127
554.143654652
641.702706753
592.505375984
380.417989356
425.645380623
115.858568012
62.9177099456
58.212376945
52.212376945
44.212376945
41.212376945
37.4733686569
31.4733686569
31.4733686569
27.3672207604
15.2307872242
0.0
0.0
0.0
0.0
0.0
0.0
0.0
0.0
0.0
0.0
0.0
0.0
0.0
0.0
0.0
0.0
0.0
0.0
0.0
0.0
0.0
0.0
0.0
0.0
0.0
0.0
0.0
0.0
0.0
0.0
0.0
0.0
0.0
0.0
0.0
0.0
0.0
0.0
0.0
0.0
0.0
0.0
0.0
0.0
0.0
0.0
0.0
0.0
0.0
0.0
67.6852745154
77.7214440077
87.3262580969
100.583040759
124.077347698
155.207693638
191.053655282
233.132046854
278.486646603
324.270931293
370.642724306
422.226868051
469.943295634
514.685296214
563.949455783
608.441634871
653.102844369
692.369679378
732.969332377
759.400386321
783.524503398
815.889776637
841.615429088
870.515922612
894.850761218
900.640831711
912.089954865
942.805751703
978.361452152
957.733001448
947.414106059
944.28808659
924.375181019
900.289548173
872.133427416
840.038192097
804.166813125
764.716674153
720.948776636
676.060902392
627.452361669
572.342148023
516.20019766
446.414745755
401.382117703
350.055286456
296.553180939
244.331436597
195.601469757
140.322641373
96.4814217967
0.0
0.0
0.0
0.0
0.0
0.0
0.0
0.0
0.0
0.0
0.0
0.0
0.0
0.0
0.0
0.0
0.0
0.0
0.0
0.0
0.0
0.0
0.0
0.0
0.0
0.0
0.0
0.0
0.0
0.0
0.0
0.0
0.0
0.0
0.0
0.0
0.0
0.0
0.0
0.0
0.0
0.0
0.0
0.0
0.0
67.6749055487
77.7195829652
87.4709304581
100.34244433
121.447974344
154.886267344
189.314444876
217.556622725
344.418971168
330.399660404
363.578308154
436.490432788
486.406236143
540.174537528
532.171473642
620.124446771
633.780745677
708.964536944
669.835475433
685.864506257
221.136078826
208.197844644
223.884345682
290.784479842
750.536641178
598.468307952
396.530941042
711.647252009
316.630808643
256.021297194
345.771173461
588.672263512
853.304088756
548.397804391
345.773799864
220.944220421
180.95669572
205.441681658
202.671234196
121.307322347
141.673603889
145.235653054
184.647577172
195.986485408
244.619179946
161.231145761
158.803528142
157.552335217
135.031818341
95.0709569393
89.8396023318
0.0
0.0
0.0
0.0
0.0
0.0
0.0
0.0
0.0
0.0
0.0
0.0
0.0
0.0
0.0
0.0
0.0
0.0
0.0
0.0
0.0
0.0
0.0
0.0
0.0
0.0
0.0
0.0
0.0
0.0
0.0
0.0
0.0
0.0
0.0
0.0
0.0
0.0
0.0
0.0
0.0
0.0
0.0
0.0
0.0
10.3800045741
13.2672998844
9.77650524001
12.3742235767
25.9099791152
24.6974681381
19.956102901
39.1342324966
69.9086936152
59.6675260576
145.957729763
179.545947931
262.524502355
216.519499363
439.776432266
246.130230341
413.606022761
288.575936994
266.532946693
321.963933407
700.977529542
556.590380807
759.674482297
647.637802515
609.327854776
979.473070454
981.07373725
903.290941418
971.31968063
682.851208418
944.28808659
924.375181019
900.289548173
523.759630774
722.036478548
804.166813125
365.307210026
297.630709265
239.678816901
218.827057798
209.125146817
182.64200341
184.079008673
164.764323764
145.277034173
160.556098889
139.636061383
118.49710665
99.2790630862
60.7182645309
54.5732854778
0.0
0.0
0.0
0.0
0.0
0.0
0.0
0.0
0.0
0.0
0.0
0.0
0.0
0.0
0.0
0.0
0.0
0.0
0.0
0.0
0.0
0.0
0.0
0.0
0.0
0.0
0.0
0.0
0.0
0.0
0.0
0.0
0.0
0.0
0.0
0.0
0.0
0.0
0.0
0.0
0.0
0.0
0.0
0.0
0.0
42.415221899
48.9695894942
70.5811918943
72.048925628
100.000734346
127.008070644
141.090542231
143.209782005
158.720119118
167.411040917
206.170244315
319.892669172
375.559363569
483.875162826
532.34668373
533.121750856
601.742067321
568.153069977
712.704303187
786.072375045
248.816298102
253.28407956
242.063624553
233.124783638
408.307743822
229.391432836
251.952724946
294.623544872
289.496897445
212.755317427
220.257097782
208.412779392
213.852244222
229.695621882
380.347223005
384.99234863
414.64021699
294.671122037
283.858689333
220.684498942
193.464471214
180.753792755
182.226811923
197.764020056
174.009658813
85.2181837457
71.3856081188
112.172182148
103.164448339
89.3454688716
40.7080196886
0.0
0.0
0.0
0.0
0.0
0.0
0.0
0.0
0.0
0.0
0.0
0.0
0.0
0.0
0.0
0.0
0.0
0.0
0.0
0.0
0.0
0.0
0.0
0.0
0.0
0.0
0.0
0.0
0.0
0.0
0.0
0.0
0.0
0.0
0.0
0.0
0.0
0.0
0.0
0.0
0.0
0.0
0.0
0.0
0.0
50.7033717979
72.3363010618
85.6448090953
92.7177224934
118.216746241
120.747835991
151.220489323
138.159776818
174.552317725
175.841436843
198.441706258
187.60954671
318.639038575
219.490909772
271.990626767
402.306235485
488.962956812
210.801788917
246.497980232
224.658579639
209.849897531
163.036572644
175.666910318
219.92174455
225.998492282
233.131015941
206.75197409
204.487219362
227.763778915
384.952023172
959.952984932
944.28808659
924.375181019
696.828313583
870.049215985
840.038192097
202.24656198
424.496696146
355.331273527
195.240120717
232.614548251
345.240124303
194.296553522
176.702715654
174.3131022
180.52948448
128.998267426
83.7818637424
66.9038602552
52.0923328889
43.9095659378
0.0
0.0
0.0
0.0
0.0
0.0
0.0
0.0
0.0
0.0
0.0
0.0
0.0
0.0
0.0
0.0
0.0
0.0
0.0
0.0
0.0
0.0
0.0
0.0
0.0
0.0
0.0
0.0
0.0
0.0
0.0
0.0
0.0
0.0
0.0
0.0
0.0
0.0
0.0
0.0
0.0
0.0
0.0
0.0
0.0
33.3022941932
37.4624803657
40.1500138584
38.506485939
51.1849031856
49.8938002057
69.7856647377
99.3708296882
130.464144421
142.730992488
210.650466251
181.397412113
199.232603709
229.229496556
222.479428674
280.915869851
210.026481889
240.368229108
221.347444942
260.960055653
697.187893142
563.890859685
793.257369604
855.194858649
941.589326516
938.378873124
979.473070454
950.628098578
894.995713454
949.450290126
873.844003922
920.820619371
915.121511606
900.289548173
872.133427416
833.033718663
798.523022122
753.490975274
710.570140219
658.284178905
606.953500014
552.072074108
496.350365076
439.486357208
381.672852459
325.084720807
271.4850238
248.516095316
138.419138998
140.322641373
77.8371122637
0.0
0.0
0.0
0.0
0.0
0.0
0.0
0.0
0.0
0.0
0.0
0.0
0.0
0.0
0.0
0.0
0.0
0.0
0.0
0.0
0.0
0.0
0.0
0.0
0.0
0.0
0.0
0.0
0.0
0.0
0.0
0.0
0.0
0.0
0.0
0.0
0.0
0.0
0.0
0.0
0.0
0.0
0.0
0.0
0.0
67.7007743151
77.7758921436
88.0548458181
104.201884376
128.674039254
164.232790923
203.548199352
247.667080773
292.482742375
320.371826449
389.081037
448.425952862
495.720105783
545.161459572
600.288273803
649.520885761
700.468501425
738.323488741
779.334779658
800.172744229
839.84054122
857.244094718
402.022523603
202.450609876
219.930989062
951.565528152
979.473070454
981.07373725
978.361452152
971.31968063
959.952984932
944.28808659
777.036844759
900.289548173
872.133427416
840.038192097
804.166813125
764.716674153
721.922698714
668.734791943
612.952715751
557.6938159
496.951578646
444.463938134
389.064203768
329.672588104
274.055676729
219.775714956
169.774564327
118.32024377
79.5005936419
0.0
11.5276179253
11.5276179253
11.5276179253
11.5276179253
11.5276179253
11.5276179253
11.5276179253
11.5276179253
11.5276179253
11.5276179253
11.5276179253
11.5276179253
11.5276179253
11.5276179253
11.5276179253
11.5276179253
11.5276179253
11.5276179253
11.5276179253
11.5276179253
11.5276179253
11.5276179253
11.5276179253
11.5276179253
11.5276179253
11.5276179253
11.5276179253
11.5276179253
11.5276179253
11.5276179253
11.5276179253
11.5276179253
11.5276179253
11.5276179253
11.5276179253
11.5276179253
11.5276179253
11.5276179253
11.5276179253
11.5276179253
11.5276179253
11.5276179253
11.5276179253
11.5276179253
15.6656001368
17.2569028353
17.0470778861
36.0025453404
63.058785357
84.7935806503
129.847610523
78.5461797633
90.0646539672
162.863483739
159.729326069
147.947677188
156.436727882
209.171678527
277.647995517
444.843266479
423.430303786
646.430098183
505.055265313
696.52207073
764.138954097
765.672669761
783.301482502
768.989326021
863.565823547
787.286084689
760.944380671
591.945853339
652.431717701
536.064809815
609.976584801
298.58488673
340.468532986
206.048586462
206.248401381
237.100631453
455.863524152
233.693271963
154.991512722
209.2483126
368.9154309
206.646121914
135.660614128
69.7427984873
72.4107411947
63.3800453854
11.3703373273
0.0
11.0256270242
15.0469976531
27.1849442425
0.0
0.0
0.0
0.0
0.0
0.0
0.0
0.0
0.0
0.0
0.0
0.0
0.0
0.0
0.0
0.0
0.0
0.0
0.0
0.0
0.0
0.0
0.0
0.0
0.0
0.0
0.0
0.0
0.0
0.0
0.0
0.0
0.0
0.0
0.0
0.0
0.0
0.0
0.0
0.0
0.0
0.0
0.0
0.0
0.0
43.6194238826
61.4690764093
70.8555580612
60.0197509863
67.1821858251
86.9713776091
120.560919705
142.2004381
154.88376906
191.893895663
224.389135948
250.465674637
272.208937392
180.361297053
145.251147148
156.230970073
180.792267498
220.666932
314.786147224
353.256183918
258.197973235
380.604259067
495.199345059
586.753529019
833.364308675
711.285131732
545.579703437
336.525964199
814.942378117
910.954317142
479.686790792
429.808679238
329.42025646
572.419911833
238.818906279
241.143839062
209.245904874
172.452499716
182.039765904
188.756118514
170.972031259
185.32789902
206.805393545
171.578482506
136.949281644
82.8879792955
63.5581316581
59.7432563162
56.6747766804
57.1293535966
0.0
0.0
56.1504280139
56.1504280139
56.1504280139
56.1504280139
56.1504280139
56.1504280139
56.1504280139
56.1504280139
56.1504280139
56.1504280139
56.1504280139
56.1504280139
56.1504280139
56.1504280139
56.1504280139
56.1504280139
56.1504280139
56.1504280139
56.1504280139
56.1504280139
56.1504280139
56.1504280139
56.1504280139
56.1504280139
56.1504280139
56.1504280139
56.1504280139
56.1504280139
56.1504280139
56.1504280139
56.1504280139
56.1504280139
56.1504280139
56.1504280139
56.1504280139
56.1504280139
56.1504280139
56.1504280139
56.1504280139
56.1504280139
56.1504280139
56.1504280139
56.1504280139
56.1504280139
88.4073654729
98.931765483
139.079235126
181.436983728
215.109496972
235.689595198
287.578417362
337.356130453
390.580005026
436.675794015
488.969116504
532.674148462
582.404812381
628.132678301
670.829664377
706.055297591
754.475001409
792.869892479
830.136609461
870.788252089
910.934150109
935.348149357
952.224838257
965.206563444
974.207659208
979.160908756
980.017636813
976.748024313
969.341667762
957.808373345
942.17912775
922.507364648
898.870375674
867.735922919
835.47569927
805.336148515
767.152494251
711.353383643
511.258538792
626.470549037
565.267234476
534.843779148
482.568465534
427.780426351
347.69554461
289.237972504
253.644128441
188.896213352
144.801835451
97.0158367891
81.2070298969
0.0
80.220511575
80.220511575
80.220511575
80.220511575
80.220511575
80.220511575
80.220511575
80.220511575
80.220511575
80.220511575
80.220511575
80.220511575
80.220511575
80.220511575
80.220511575
80.220511575
80.220511575
80.220511575
80.220511575
80.220511575
80.220511575
80.220511575
80.220511575
80.220511575
80.220511575
80.220511575
80.220511575
80.220511575
80.220511575
80.220511575
80.220511575
80.220511575
80.220511575
80.220511575
80.220511575
80.220511575
80.220511575
80.220511575
80.220511575
80.220511575
80.220511575
80.220511575
80.220511575
80.220511575
89.1999131879
101.172177714
123.72936164
156.062913992
191.447932447
230.335074514
275.58218436
329.786521129
383.933343806
432.904709498
487.531473176
536.446663001
589.53162922
634.312258598
683.384375678
728.425253909
765.552118676
805.303098108
840.247838208
874.491941534
912.328004364
935.348149357
952.224838257
965.206563444
974.207659208
979.160908756
980.017636813
976.748024313
969.341667762
957.808373345
942.17912775
922.507364648
896.624290401
868.585713052
832.550821418
795.378072625
753.822533632
710.287809845
663.510446141
614.644192427
560.661937225
510.136606852
451.227554843
202.861926576
375.024506561
259.181886966
239.642178796
188.740242339
163.254696952
73.7328745443
63.5464542422
0.0
77.4608309249
77.4608309249
77.4608309249
77.4608309249
77.4608309249
77.4608309249
77.4608309249
77.4608309249
77.4608309249
77.4608309249
77.4608309249
77.4608309249
77.4608309249
77.4608309249
77.4608309249
77.4608309249
77.4608309249
77.4608309249
77.4608309249
77.4608309249
77.4608309249
77.4608309249
77.4608309249
77.4608309249
77.4608309249
77.4608309249
77.4608309249
77.4608309249
77.4608309249
77.4608309249
77.4608309249
77.4608309249
77.4608309249
77.4608309249
77.4608309249
77.4608309249
77.4608309249
77.4608309249
77.4608309249
77.4608309249
77.4608309249
77.4608309249
77.4608309249
77.4608309249
83.806138813
93.0643812163
106.441060743
126.623511534
159.727374851
192.311423717
227.225115295
266.908304003
309.959219941
350.223958447
418.239664094
459.130783896
491.998486022
533.082550049
583.207272587
634.885458791
672.02720779
702.801736489
781.977791159
814.27621799
374.527616974
377.171736432
480.279138679
863.229716766
974.207659208
979.160908756
969.875331259
976.748024313
969.341667762
957.808373345
942.17912775
922.507364648
898.870375674
871.371024759
840.139636439
805.336148515
427.056091243
269.029143048
614.086744325
477.887389028
518.193846548
527.782014309
482.568465534
415.100444239
366.218254497
309.617313108
261.726707279
207.389252524
158.659899752
118.981097963
81.2070298969
0.0
62.3551951922
62.3551951922
62.3551951922
62.3551951922
62.3551951922
62.3551951922
62.3551951922
62.3551951922
62.3551951922
62.3551951922
62.3551951922
62.3551951922
62.3551951922
62.3551951922
62.3551951922
62.3551951922
62.3551951922
62.3551951922
62.3551951922
62.3551951922
62.3551951922
62.3551951922
62.3551951922
62.3551951922
62.3551951922
62.3551951922
62.3551951922
62.3551951922
62.3551951922
62.3551951922
62.3551951922
62.3551951922
62.3551951922
62.3551951922
62.3551951922
62.3551951922
62.3551951922
62.3551951922
62.3551951922
62.3551951922
62.3551951922
62.3551951922
62.3551951922
62.3551951922
53.4579194468
58.5490769199
69.6814277763
109.009147139
125.256693294
205.994035101
228.009282723
282.696863484
222.05855544
192.068681423
353.788042998
374.53038928
349.141010089
233.092297285
620.829935318
649.909540682
680.701643658
695.876671359
722.26008945
761.395854852
781.520323142
788.448094947
801.135640723
862.096199492
885.456428071
931.669568967
865.266249828
510.908775656
814.786385561
636.821981316
798.756218022
415.206598918
627.604863615
443.072098365
370.35303556
587.175970094
424.482295371
229.778044578
208.724407359
195.900439042
177.069214095
168.996077546
175.193473816
243.00697832
252.527114216
307.629621767
240.375544752
186.293941661
163.254696952
92.1232023484
49.2684609014
0.0
0.0
0.0
0.0
0.0
0.0
0.0
0.0
0.0
0.0
0.0
0.0
0.0
0.0
0.0
0.0
0.0
0.0
0.0
0.0
0.0
0.0
0.0
0.0
0.0
0.0
0.0
0.0
0.0
0.0
0.0
0.0
0.0
0.0
0.0
0.0
0.0
0.0
0.0
0.0
0.0
0.0
0.0
0.0
0.0
0.0
73.855650967
153.249928434
201.603649009
145.766358808
141.381252941
172.520691309
160.228269936
153.215121294
163.184293763
562.322679243
618.528495397
664.676295289
705.709264967
747.341903034
788.05080629
827.040253338
849.347037421
880.730313032
897.215243478
898.60484966
895.018400926
886.425848545
872.822035309
854.227892884
830.691918398
802.292241023
769.13905817
728.770737477
683.700324556
633.569136399
578.40691467
520.815786443
460.116416246
396.835350689
333.101781601
269.29965188
205.669110404
145.671682798
87.7890288606
27.5660578593
22.893027436
35.8655430598
35.8655430598
35.8655430598
22.893027436
22.893027436
0.0
0.0
0.0
0.0
0.0
13.4095046398
13.4095046398
13.4095046398
13.4095046398
13.4095046398
13.4095046398
13.4095046398
13.4095046398
13.4095046398
13.4095046398
13.4095046398
13.4095046398
13.4095046398
13.4095046398
13.4095046398
13.4095046398
13.4095046398
13.4095046398
13.4095046398
13.4095046398
13.4095046398
13.4095046398
13.4095046398
13.4095046398
13.4095046398
13.4095046398
13.4095046398
13.4095046398
13.4095046398
13.4095046398
13.4095046398
13.4095046398
13.4095046398
13.4095046398
13.4095046398
13.4095046398
13.4095046398
13.4095046398
13.4095046398
13.4095046398
13.4095046398
13.4095046398
13.4095046398
13.4095046398
18.9770738202
27.0213027286
32.9423826006
46.6277127796
54.4506840013
64.752007028
73.8911430245
95.9023551615
132.05654886
155.105810508
177.399728791
188.262036609
185.297125368
193.540021424
257.705057552
222.230000553
224.17710508
274.891189119
344.844233065
274.974479186
255.66062148
243.191481957
254.701190068
220.127957564
224.211196476
353.565916469
365.09129953
404.180689037
336.186238737
345.018839127
554.143654652
641.702706753
592.505375984
380.417989356
425.645380623
115.858568012
62.9177099456
58.212376945
52.212376945
44.212376945
41.212376945
37.4733686569
31.4733686569
31.4733686569
27.3672207604
15.2307872242
0.0
0.0
0.0
0.0
0.0
0.0
